729641
266788
233913
558517
196415
428703
877977
966855
809313
467797
629448
748175
154883
732644
99074
619886
509055
720887
943194
203970
628812
540078
397941
248919
918831
500962
756744
895960
532680
991326
244056
904219
294048
221016
305774
970022
233755
470463
957171
864912
504587
214005
455865
697832
974087
424793
472484
846162
27931
786202
127271
827672
870399
1993
928918
482835
442640
925486
407232
194129
986287
632232
576478
468233
936350
500538
584344
75769
468311
363179
163074
15202
996902
521046
14219
290024
382159
48312
257
350209
94904
191825
70630
174716
662728
150881
778459
576068
499886
545502
888554
608769
603084
258798
472312
926592
897409
299088
686553
787091
794901
923060
605968
642939
129167
506604
385547
873195
162013
525581
171735
627789
974727
314100
182442
249679
428404
676816
916527
603857
415065
340240
755025
638815
445150
80126
817492
515677
292925
553024
190107
657599
452172
650331
66100
366419
977774
316311
682510
380058
181254
975721
920295
671027
947843
894089
806896
997225
518688
86090
952480
718137
734903
860356
839605
1056
902809
654673
866378
691138
813776
104850
325009
187640
998245
509424
273375
50125
839876
335460
648003
555557
518554
479089
964089
632425
731319
150412
937734
160460
501505
351477
384671
829195
241152
718761
662045
705408
239661
925639
430203
889798
80715
545084
445926
582773
536302
592219
4839
56658
582779
227191
865871
322218
847629
6515
667606
42252
170614
714378
171784
86720
640037
809867
267334
49866
665080
628960
846466
4195
191993
143346
250774
980199
186971
637404
658072
734679
323172
939030
463560
20346
560732
420478
315885
311982
350429
986083
982476
139366
661376
945708
218856
785744
314749
630951
74016
454086
79894
442136
52395
945943
124512
775002
395499
506763
528784
808583
619159
765278
197003
881458
354574
953895
654202
479700
640022
243562
182029
59195
466366
282453
21545
499387
142654
133084
989647
558914
490848
256630
630725
551730
337542
250082
211364
865072
178849
534764
856355
520709
290905
523628
490411
804044
891685
481706
704168
497989
115707
381250
136465
188909
275918
281660
206801
235606
263662
434402
434954
75720
152063
619736
936648
326429
301937
238636
718406
914844
334790
972512
768729
776753
145200
649735
323706
408862
795531
151294
226655
64442
295410
216554
222777
702707
143520
585466
279490
81679
667520
290830
555684
134452
303346
821047
644559
136765
98040
704971
15178
547350
486439
526063
651537
506713
612125
793091
920022
511775
670497
428944
870278
255315
347985
833080
12082
699979
406645
271192
22624
997463
52715
900311
322820
898724
682084
803575
904830
911162
976229
32770
34150
835494
719139
769834
207700
417119
915290
321727
376583
88322
422511
17933
413793
917848
638533
806776
125932
881816
349792
400293
650928
323220
435557
721673
208839
554062
648986
618056
476780
473285
798523
967149
151844
25401
82779
831772
124250
127282
580104
586519
798490
997999
140793
113586
654153
363919
598965
924511
238238
934398
46657
855426
54190
697178
767865
660288
843589
674281
523575
379438
995357
564424
987778
46591
82708
181641
568559
694341
358021
583569
573049
462785
801508
41251
49749
443712
724258
149918
283251
115183
452689
398188
333467
941474
700551
37434
638391
288717
746426
596940
228841
860283
588210
382139
568964
907372
507965
841558
744972
273109
310594
774598
897898
364377
141013
256498
283338
35790
768138
69859
976000
725860
255353
867483
463931
662026
565282
859811
156961
559939
452104
802717
701653
199302
238926
776203
508126
431304
724202
213675
430585
324100
708425
758436
781586
586427
487462
862398
465121
901676
307277
302700
533083
901268
742752
478837
744519
500409
552838
773444
144486
255885
15394
240455
544807
978828
252469
987903
713861
313676
152290
441893
45393
135394
674494
696409
130052
984117
692167
872801
736851
593318
175275
363010
713728
680488
453301
913494
544260
787641
213597
655032
462279
573441
811875
743755
499293
365515
439512
496939
166738
638003
948913
328280
286030
984055
689412
126640
941075
156578
787942
561994
947888
562794
359058
17085
668430
264196
899680
867871
25577
434814
838203
201376
595363
640991
175564
214947
584489
860149
533278
388533
587600
148312
952779
479820
127689
16630
437028
993714
506127
475581
476097
809840
37399
556223
38724
987293
516522
144616
173753
494685
232016
211381
223039
746282
639317
463216
9060
891897
872610
331613
863260
280168
393416
584227
706067
556188
435658
814565
925506
698467
96194
495857
686160
851433
664237
573419
505962
565424
890772
898190
137589
880203
729730
223905
352073
668441
730950
777830
907494
187261
858166
258741
832886
773570
133117
450770
740870
448452
391496
177160
657520
422462
224726
118703
695793
609314
621589
854674
221191
848984
678230
553534
764454
392240
331879
815259
170137
197473
552766
832407
472642
386511
444362
29285
586411
511364
843865
466721
912762
272796
85636
26260
230056
628268
612991
290311
37852
406802
766088
58300
406322
212400
622120
685605
565519
925945
887326
217129
795941
841013
402952
244208
272529
835183
598344
123171
423867
873344
947271
219347
43224
742070
895955
22623
722775
841490
798372
729315
427256
621823
46453
663967
739117
603840
395582
843635
16994
964874
998263
466534
538686
404565
813164
130
892170
523890
844707
634022
132048
636817
593081
240188
682297
872994
254484
449726
592712
223185
413564
783409
130448
651043
100128
818594
874949
294662
443580
135603
44643
90256
648296
680540
88969
301787
698
550920
50354
60823
22819
263360
441417
665650
293226
992470
297173
938086
324296
553588
472450
885300
27344
171809
208498
704430
92857
204827
790645
986334
150876
385419
743964
65584
467718
696281
705759
3971
624653
306902
35966
296852
460139
974225
257720
875543
693153
796559
919037
865288
252164
144339
563776
931735
834919
159627
195101
506373
866061
637091
163977
972121
335574
412684
506799
90856
232405
223390
959332
689358
857366
468196
339508
233646
178389
533259
845195
438276
564595
55878
929180
373275
438532
589033
833438
934208
588535
993080
98079
459115
624161
504277
36718
684212
381950
107042
724164
594996
937258
658840
519000
187371
970697
797816
638306
154913
725941
59151
528027
859537
444979
275550
956264
989887
665047
43284
247999
859761
68417
937896
679966
86987
473807
742515
797363
401001
243685
525998
180040
775114
920306
782783
769681
442761
308987
269438
814056
418043
491512
631839
345977
250886
153447
936935
593965
575161
220811
621849
774180
673016
758637
126606
228318
460882
91145
252119
306045
553294
280366
745165
782267
684241
298623
759383
191376
825475
609367
492673
9282
917156
240372
78466
394700
575402
993870
304801
174700
333519
985479
746546
409768
706466
688630
770082
101695
598105
462433
200018
394376
23375
351180
471701
78125
300225
36475
584300
198563
169814
680629
954807
166181
986360
639918
597725
413704
156014
431095
521602
321832
753536
452023
65912
727888
997813
497731
208711
400174
89131
275943
600063
559939
387830
597610
345299
434643
529475
960919
55723
11640
841439
896832
557572
1394
309919
846092
839498
688079
581879
58020
698121
252840
255134
641790
217591
490664
928114
105153
420905
387220
898138
604005
16532
159354
560163
211057
137992
349786
207320
690327
54053
287842
939193
728488
287871
468625
424453
91296
328018
816092
386508
644813
850421
879933
705720
709623
821107
10806
742656
487431
297036
130571
914094
628340
468645
402770
380178
680519
711399
350302
167940
398648
66508
200304
44340
602789
911373
533352
573474
987959
569190
425410
108788
519907
455830
264013
680422
434830
873639
631568
897574
298644
234598
3224
614265
228832
996116
964023
195045
873753
419317
347404
137871
35534
66716
711897
298786
852173
257178
396342
756616
840073
726380
281054
165985
28533
403191
437655
304937
319465
745291
504139
852645
112242
844814
820537
585829
711161
923989
934185
110766
383813
750211
614623
219190
219632
391884
988534
944779
665221
374823
651253
200589
46410
799057
825140
77118
537410
95201
39997
62369
790704
401113
631826
134046
230363
347516
888320
754576
415169
982004
919897
491884
232117
441979
318206
849163
116174
144406
127561
556332
551130
200795
10702
749473
267200
960825
864099
544215
803905
215089
582292
348289
804103
877065
444679
462659
196598
51721
309988
428427
265074
243126
90542
870805
269117
491757
822321
491813
292587
300491
82867
541314
105809
616481
723180
692803
359758
598514
910333
746490
674991
760608
128542
524623
710445
884431
279678
539538
162027
691146
532089
945957
251422
964962
934193
64971
909897
860694
546841
140783
386202
654476
381236
138868
548139
533367
932372
697113
952872
876026
936212
834671
574702
672722
456134
306365
943615
423126
999513
756550
157112
932110
857917
446947
47100
721408
228282
122447
798266
31294
929562
79999
414279
555555
549140
169294
906125
726930
702250
86769
660341
913425
944732
546231
38400
311602
507697
82386
721854
335028
391835
194224
801562
190811
637205
237785
340198
886631
574839
112408
185080
863975
890645
434015
646971
275591
785809
283745
767711
529780
442956
525076
219297
266503
269315
44194
991371
953286
267209
261914
713949
856486
318312
881033
566648
710142
673971
606286
155995
527912
623300
420285
29390
16517
509157
96450
192360
156018
880103
941289
993698
493774
362266
172286
947122
892985
638726
312547
28607
346327
458815
132651
603868
130847
19755
82457
963461
848856
351451
526087
499537
428476
913430
456451
670130
764536
118080
977083
363358
380674
343377
919299
256687
29418
657745
1284
34833
875666
716910
430168
130164
22733
793382
449454
953839
753444
473822
198845
20757
947727
566130
933157
832344
561651
808812
632798
589267
662344
160856
198638
831394
479681
107454
74914
570764
136092
633057
518532
834527
494356
383245
143104
926351
436680
126369
34147
357958
170840
516230
946698
97623
726237
547027
885870
123550
979001
342531
807561
322168
177146
44877
569831
855171
587440
541492
330509
788214
583278
255961
972973
592742
952988
874728
778611
781693
124268
287023
278010
952046
211718
248838
31351
188241
298921
889156
30978
705003
830708
396020
760188
787917
260003
735827
980719
51775
578950
833035
285525
26056
37322
52230
795693
883473
679004
346528
654385
515781
111494
703249
307909
813891
669769
584492
633780
272460
129318
117776
311530
967466
754476
854321
773881
887155
447714
896354
191874
413604
930558
968441
181745
25239
268184
929534
574795
741697
807656
296103
777544
349004
221001
350016
727596
875635
457683
18362
466851
802036
614326
371300
110190
648004
159810
309993
611132
39847
686878
697973
984786
934784
818846
245693
55266
647812
271359
295382
24019
186238
417653
620906
363527
14136
35346
24951
753360
557753
358438
269289
204649
401592
60559
529300
125063
672356
41080
826768
940347
47126
172574
72478
380338
660565
618755
350340
538347
263049
499170
308815
309699
545479
336302
486995
926667
751948
441670
47479
907054
968381
87387
906707
519279
750075
473392
46067
901764
180892
442511
415497
500402
819308
645133
591894
232506
810734
928592
367718
872351
238115
771684
909613
555079
517412
281113
748947
256995
822581
816450
880557
123076
915541
156661
335366
544539
16399
183021
771574
995941
189075
227448
392738
669059
672153
211685
214128
198367
39195
160877
329395
127617
531928
797602
495441
308980
387398
235617
222228
290397
264237
873171
673721
732852
85069
310936
658046
389591
701908
28805
780404
86740
823759
231619
214122
621486
605317
137111
25039
341266
286860
589336
406442
731057
991500
906346
309988
436182
702994
998272
231677
639032
671473
130938
702453
623538
866119
960027
761237
899096
458677
17568
719792
123269
755021
934579
189266
601888
521345
946024
519959
237065
423801
226478
513313
841476
971937
169569
424371
121679
582480
48823
228995
509011
94099
210998
772123
746930
636665
156344
948550
116052
457669
583745
305834
724800
8299
269343
376166
83618
504783
677529
106187
543605
816274
365129
227079
297737
230507
320348
202101
531911
858660
244435
549162
452445
606111
951260
307320
564912
451787
261967
868739
911560
877254
754151
859279
303508
828842
943402
116152
786974
298146
333503
896754
556641
139049
525009
303633
87663
208860
272745
528561
975738
372652
294149
391327
956042
290126
941134
522998
163410
92021
738721
957410
502644
343152
806352
283898
541772
260460
121713
137155
504180
851139
731412
509819
558139
346215
811972
438481
5143
999868
279176
510933
876486
184487
889633
934727
990186
572813
403260
44568
89886
122445
858699
30309
840176
292885
605446
715331
40762
472729
298497
681517
940426
520859
671815
179412
325789
690390
948514
689976
759588
499113
410641
386780
231058
505043
666818
203998
631748
141277
898470
17505
836269
638587
619181
907327
126501
431087
33937
12099
959783
464557
998157
52597
783555
17010
535574
392189
833548
462932
787206
116041
284539
118975
880585
715445
738352
729820
488162
972117
734840
399219
735449
732739
535790
337107
417396
457702
662465
689476
464161
555446
883064
497074
740390
56917
472192
878368
483779
928984
710814
697083
887508
528232
221239
614252
629921
386893
899337
127732
364030
765499
235594
959198
960538
825122
336323
981715
223391
579148
572581
112574
836376
577284
681008
496530
957568
508948
522197
536329
574410
713008
644236
800911
660978
42932
574613
86474
995423
368977
808870
605508
142673
113858
373827
797037
810858
50627
104799
518404
315849
997294
888879
187255
550218
59120
617954
895005
850379
374047
111815
489591
647039
964440
995570
663211
631968
780857
1522
399690
894620
695674
807129
56986
698080
370071
686165
96083
637774
226763
57574
178046
970708
921180
359121
67304
135593
713228
179262
652216
692924
233771
712758
889378
618385
934741
314624
20123
673374
966775
441410
341545
575933
923570
193213
125689
690480
77452
197340
812214
184905
506722
793286
969417
671367
454902
188815
758858
853901
828407
322385
933625
806611
124966
636243
134941
218556
511465
733607
269861
359960
765810
242336
195820
829969
538314
527562
958096
628017
7831
422475
507761
95996
983415
941811
799581
300081
472952
293879
894152
613426
565373
391061
522723
176726
139148
530050
254428
220457
19032
428505
470658
108348
353999
661893
693732
946597
279251
595963
217376
419298
17539
905790
660451
298645
254462
185232
76311
133644
584830
462818
184274
125616
548207
995561
677447
53658
788295
936728
14858
916387
561776
119350
27982
11762
934529
264136
255926
115076
873249
465995
968476
527503
746882
883768
526540
528683
998572
873512
807993
889800
606900
889382
936428
631203
964360
537293
537296
29600
82236
757475
267098
214130
791453
338732
999573
140042
658368
628871
410995
94346
845114
125705
41411
390141
676251
996717
388147
92361
519521
697278
576717
300694
484873
154664
43261
923265
442789
151549
283343
932267
411541
453663
243758
295009
829848
878890
950610
169431
207693
229127
571205
880648
407600
131948
411511
618208
910315
259503
585208
866560
668276
151673
458504
434550
729107
508798
139533
71896
930204
755473
852996
140110
835561
69674
605713
833071
239372
900161
612221
521274
44610
532986
773177
859113
281874
215157
964729
650566
475964
853701
173939
212008
356963
770522
380096
844693
279558
219922
373746
797946
913569
673356
921881
303254
249998
511107
585222
29117
621831
315519
960717
275974
538707
186187
357854
342127
441655
557892
187405
442127
508456
289007
137537
877101
806850
102383
902842
605045
264261
173264
658167
117166
281896
131410
646739
11590
714269
649448
807842
191299
39217
840250
347434
662447
76541
613527
151328
425620
656285
507554
153958
634383
639108
391006
199517
860955
954747
912528
131836
483332
395959
173850
314661
439409
590228
226716
237134
951249
929539
912095
108657
251439
857019
880108
675570
425209
386985
273664
523937
642473
962813
497855
957520
940390
243454
650859
613164
408509
223703
518227
403682
514506
650349
800165
991814
237401
384580
395716
596747
477960
968780
93158
126140
974258
558208
683616
102126
272757
209568
26238
237614
76716
29726
903481
731982
807198
146138
508869
585186
921112
243612
827305
121949
396428
296915
575531
190899
888969
541424
504562
368983
825998
630449
483673
987198
614300
681973
133838
295100
35448
940261
782088
755209
873661
303422
191122
646763
221726
943946
55093
569700
483269
657089
368957
597408
449058
474427
746994
834795
455083
795741
66796
477245
794188
840280
900220
709420
230443
580887
989918
531943
408756
630568
552054
973515
953124
344460
289366
31927
800486
105230
973227
639327
197398
578173
984299
154553
915905
61014
18764
393285
754249
704239
896914
949957
556256
567663
808361
772355
242065
196794
174402
24518
770245
354050
92939
546416
195299
800322
644372
755408
490569
60602
260864
398555
928699
60889
693758
263743
25630
785120
276493
500834
129661
132451
960252
352606
206373
86081
315457
568839
635883
694289
910813
591270
148692
505695
294435
641650
283621
326792
926101
836491
144121
184913
44933
525133
300394
924626
797774
913600
589240
797507
981387
722410
762635
270105
266858
85313
515983
943499
608205
152962
54154
959819
299328
20189
622935
998632
56854
62440
938005
202738
976860
445540
830803
147127
649832
131767
253997
526482
818827
726063
75103
155312
249074
119184
959512
489107
242509
249348
420110
963663
534714
257594
48230
137140
337585
841650
310278
767806
124786
741190
375718
939293
575916
432393
650803
961777
592668
812186
146319
792039
912526
769297
943994
688016
520564
525568
61895
323049
957183
653236
422933
401851
887422
362135
917391
696631
986878
469650
647538
931941
330136
849823
672774
761662
521524
104589
418838
723168
680240
625810
179764
551832
285482
198821
908021
485869
824752
510525
547419
61411
485498
797229
857362
677524
904954
506495
657294
312232
22778
731273
357175
868723
969397
794933
606906
1115
388078
709286
933926
824848
537845
257937
419740
616137
379472
68299
141907
734926
576422
643826
201966
181816
591577
962344
48899
388159
527490
880080
638934
931228
768678
413232
209719
181085
943879
588536
297535
381634
567397
848334
959945
833336
643694
868271
385247
759758
740189
622588
163955
790073
983605
153364
639317
200082
399019
367989
520620
536696
707311
483201
134499
181817
702356
211629
403879
285390
774227
657005
970612
91249
134415
889801
340924
702563
123428
578516
277661
722899
80886
727989
60988
877510
588313
579806
838129
982711
62448
40038
751644
437400
793541
681060
24524
9778
983741
135643
435349
129369
412687
33918
230034
911134
679239
525211
256880
629692
442649
355616
839426
2725
377133
888138
856622
787835
339998
996584
306163
431868
659979
592868
563076
673297
65918
661547
815993
600811
711952
901894
46184
604413
58006
874114
595461
840511
257696
612412
778133
700492
135272
441799
896320
1407
357311
944383
748052
355193
73774
391585
88271
785446
204523
325653
26089
976748
193212
345705
29093
439868
171864
705435
594917
560782
855826
613177
610538
21247
363833
853772
449334
651551
539467
558375
819850
240790
620059
8259
212124
865514
157798
446247
314206
622519
695767
503264
51850
879756
372432
134896
676616
121209
371101
456645
205151
559688
916087
421220
782334
623719
121651
855974
243666
692067
601592
465360
330848
13380
889382
267638
728706
658976
710517
297798
424858
986524
980067
106780
358381
985174
554503
405895
898162
265488
940718
567210
865074
28310
54708
141935
336690
116532
916569
142251
400542
269519
300257
873976
966005
16825
127852
757885
533835
411818
961776
819313
489702
634267
212838
395131
861056
13582
161674
788453
356921
180985
84972
525194
561670
164308
150515
259442
996591
228236
673730
289729
51585
29645
950616
186536
959179
665663
815897
675318
259154
277781
825258
885021
571967
377534
373555
731251
834847
100142
361201
948567
863030
310279
747418
385527
728009
307750
250297
355633
452989
850189
428918
845576
646917
374633
647152
913321
400175
988972
66412
989125
251060
410142
504688
313838
208475
831746
242836
780661
490921
710741
494622
554130
786089
20880
435667
68946
645263
305556
377182
304973
690725
640464
890683
66218
996593
934320
853920
679256
440456
253185
583595
28730
491860
481098
878292
80381
273066
709276
136669
895292
473664
73349
876502
42045
105393
593326
649321
330599
490969
533401
593775
828711
665439
629025
498631
748960
202448
406830
135635
500604
382798
212470
616866
549054
638231
916815
650920
115869
839083
685932
575971
659686
836378
637105
315056
345629
11502
639569
816890
646515
490089
718073
645094
114635
197163
544092
851887
74859
864257
580227
633472
829109
542397
839548
172329
665432
655094
131223
670822
791829
878232
558765
564
697544
485315
259368
204078
336428
441198
24587
816580
532816
346010
769687
341887
661293
201810
887748
845719
169146
324625
471874
68598
490866
442776
504708
425871
882855
282385
258462
759978
804053
770162
822019
686005
864085
832920
335498
145162
49984
702677
10283
357230
418211
736967
712293
516588
64629
200741
733194
658350
237927
609165
857357
515881
111688
764135
748848
57051
372709
283850
70879
453446
514758
455092
546014
299984
85556
870896
636852
950841
990800
204614
941554
548776
365216
161222
810553
146265
160493
548741
707823
200967
177061
775249
326768
934460
889005
935734
705886
405278
765203
443584
802932
528084
37114
649549
742978
211653
782366
297352
918324
999917
70848
864560
152743
214421
507475
756331
441330
743244
416453
714226
294259
297354
992300
102686
479580
945035
440849
302633
364859
889638
388769
569690
611281
893413
960468
513752
509904
225512
47584
259419
5313
153009
990635
299433
696085
980303
815269
124710
460847
144040
482045
665476
594149
160826
649907
451843
505336
361344
48215
724626
991379
233512
871998
525503
252276
595375
934608
950289
355204
355958
963302
705120
881112
316110
698628
100666
161422
194023
52520
574850
397456
473561
988957
16891
849455
829610
818390
592262
383031
182707
704150
452309
588809
424898
18899
747595
561896
438034
450652
787588
556869
882179
237697
117469
298840
945403
992409
773959
21146
803668
212928
484982
402017
475391
445071
234245
274304
494640
14240
132788
416448
540023
713845
614387
931755
70024
500916
37610
170130
12578
993432
324452
931763
129347
495613
735533
545634
299038
971279
433787
222612
811468
866512
682427
803920
783761
91061
969659
333539
40194
796020
513028
850704
242993
823631
856323
215819
701977
404153
361287
143963
511065
813508
223559
255682
887214
353472
351394
682109
32280
216354
405535
71559
329676
698795
669078
669114
243407
312435
372593
148748
670846
805307
46189
262882
529649
186558
115019
225709
160742
558515
680735
704735
373201
389126
594555
457226
852452
659892
677053
924440
28819
143116
692500
60178
361300
888417
147051
24041
630084
376733
955595
276676
211916
669211
890973
312050
441964
198560
724999
195352
171291
664866
507240
687306
925957
199219
201110
249266
867937
391806
171213
952595
727860
634325
518918
36358
226162
994035
586179
54993
770017
306439
159544
33787
224762
897275
706632
923178
328081
658222
23210
963533
985140
695905
535403
810708
931713
255434
780346
964049
113263
638935
336358
190265
510822
971860
83072
135663
931927
392906
631714
664451
27488
224371
996561
458385
605321
528718
905305
411497
937121
291366
732961
147082
416187
386046
349845
440875
202295
191920
943171
886179
637410
31594
580539
247971
867412
60331
661124
155640
447966
190341
497962
474381
253296
7821
766853
380222
173546
14822
870707
428803
450853
601952
760727
568780
329848
914918
421451
177429
302369
569527
238935
892023
436121
358430
78034
488516
12419
976496
736685
605095
728766
264363
906680
278979
630351
722919
727634
519494
962927
493006
927068
918376
690508
120557
549626
507407
604005
97544
283909
283749
570420
433755
108918
727592
858643
243754
26025
288727
365787
235408
475539
709973
356846
450399
104278
813419
254010
263692
73665
189676
612780
1237
935634
532378
465597
735585
813783
357100
301937
138280
928987
989228
613883
754976
446654
845647
367303
405861
391893
219315
58571
704634
567656
895553
778208
806260
670720
353057
924825
283837
602522
730447
718839
144766
473268
500799
982895
349102
606941
199372
902005
391162
282303
83167
189835
452335
778259
933748
815424
473701
613042
889413
669887
247278
519620
987389
749302
51732
164080
910055
79147
800873
612247
186576
460613
281062
15197
65042
423872
18780
670891
507999
369169
56906
230328
177495
224362
274215
95259
37230
750005
341409
177594
998928
720459
544665
912889
858827
175333
695885
846270
938700
751499
71780
606349
694506
970844
495981
177319
704857
130671
833033
175987
542709
900960
551980
620961
981685
502063
451443
575465
823967
936775
913502
424213
964958
538707
974783
228176
504231
390951
458977
833777
706096
476096
144182
938691
918786
601646
103587
665397
330481
168960
286285
98383
978634
525893
586587
384083
976200
508573
32726
421431
513108
319918
993355
371399
983775
891338
811703
576550
100132
898870
495501
592368
612988
286580
94200
469654
99845
449776
137494
771937
301255
964669
716883
99583
942313
719369
486357
382658
216190
992183
688921
656429
670829
31617
731603
973776
463314
766118
948545
64291
980764
94740
385193
845108
101699
659795
35416
208570
567630
260850
57403
395626
155388
993774
649581
825015
774479
305686
108516
649782
290763
746048
637836
698285
411322
159259
656183
552181
366931
590060
549609
264597
645990
729642
942341
561367
255682
730134
67670
693287
457407
795380
627762
76831
575819
635496
85976
541584
405279
716983
539780
128339
991131
376526
301371
661419
712124
112548
420128
649055
615665
185799
761663
96865
164798
558116
818167
578670
594814
842152
916304
291344
655300
353309
332495
645385
177109
95346
757883
820926
222458
180558
186771
623082
973420
301881
121820
337414
755909
698982
44504
821582
550882
143330
802719
996541
91013
896152
581767
743353
53271
488263
467379
315294
994557
368243
540397
894212
729259
459820
25064
688848
918421
391545
727342
813204
590459
2999
347244
145954
575160
763587
585772
399948
763832
924522
282643
912393
959938
30242
90709
50665
185437
537853
321545
921038
917429
460173
835722
522670
384042
835474
444517
132131
806955
865103
79817
853869
640612
104179
918325
722321
840418
842467
889967
220362
254409
249277
750943
976168
603493
17890
46566
761449
970065
310623
126221
653593
878456
602665
794335
62550
861377
460910
995222
729263
964890
233093
304540
261914
300095
571223
303852
478500
221342
780573
453806
527731
366553
23811
331694
964851
613669
874564
106138
821838
420992
436960
994099
384855
682545
172048
889828
647609
28435
289467
402734
174490
823635
688292
895130
760347
866793
94215
611156
191031
506470
849928
816692
865325
153433
263009
439593
382947
997070
547490
507337
313426
587876
872698
430211
963630
87668
593500
27949
676985
238451
409759
671157
157945
874811
365464
205075
210445
181127
527937
515485
302809
468710
237784
365702
23871
683327
38803
990176
923864
99588
618539
290777
228569
62172
754797
515777
178590
166784
458193
823945
87196
689277
644635
700217
169925
610643
762733
50380
958091
401509
531428
558629
672593
494148
820233
674635
876615
423972
557655
182103
572609
953912
347696
394613
418453
807145
121609
464857
956997
959209
467720
648707
106405
226417
983786
522424
119665
160210
581816
836191
541724
522709
959865
804018
38172
155725
571375
924938
322792
442444
595533
780169
819028
826866
827806
799465
877463
803569
369680
907789
314439
772885
541468
98097
375293
762639
261942
423776
826902
300259
942322
785728
431554
187190
478032
609383
824250
71013
4539
457582
747517
274996
994025
551821
859013
942306
922513
990375
60737
662726
874183
430720
735725
706061
61970
99799
502405
514381
531574
902616
506999
178684
278138
195301
325338
609920
496781
943646
207115
812228
948219
288944
327231
800516
152734
746767
764751
74482
621811
311426
116425
395149
56796
682472
673326
89371
473810
480995
173088
841086
453829
916781
769602
27073
791665
997502
484671
102208
609846
131519
986241
810401
733479
192116
20426
266665
121580
817042
724605
822005
370745
354652
613549
43261
568930
976805
329339
485255
144335
196543
711590
352914
644747
139625
157449
211715
449152
562451
613434
520835
496230
457425
890110
808001
627978
549941
207384
311201
818291
40754
598623
995666
462543
451218
985931
357318
349200
535751
2131
985925
220771
663124
677871
57381
363223
970740
332103
798387
526107
758755
483424
191939
173035
528326
691643
346960
424437
166481
654537
331774
112367
265096
635514
767262
589593
583638
801661
291562
729004
747369
872638
353936
44755
299133
730940
324613
699961
116868
50433
958022
415525
971563
609794
450307
154466
552485
341774
437693
492758
821881
689261
670293
626012
53103
659845
315194
893663
820973
415635
347626
309881
177489
625667
791334
187831
822134
992527
285956
839827
657231
691216
242102
488567
323865
847529
390144
689445
438041
142453
428972
63823
462935
159377
865342
567950
124553
852741
684246
869837
775890
253925
583248
154168
665152
647125
516566
684042
761112
302968
671929
6890
616374
470384
678632
435247
416907
385923
931455
246943
884018
105134
373387
825286
766813
713039
37477
467936
647559
258809
805988
366986
515013
792927
516354
958332
872629
28540
556665
292003
728465
337965
563040
879378
246530
300179
868087
74625
394490
306411
838220
25555
543581
811752
87758
162664
693113
126116
106933
860044
887494
274202
306049
713428
470938
556418
448857
784997
498236
941198
600640
312805
170435
102717
866794
691076
893928
65179
912156
888176
643617
434350
433215
932250
767428
994439
260263
521094
492525
50691
598744
659919
966320
612948
692735
824227
845748
257784
385902
265084
79200
615093
184687
124315
771484
950276
602840
286331
130479
348183
213301
605675
383547
70275
356977
538406
81932
184711
715804
374458
9545
520135
832501
697866
233195
252561
617305
232963
630039
831916
86993
576389
989288
395834
314981
297065
428732
22380
195797
234600
695258
414284
127550
836866
108286
785733
853135
364815
680250
34016
138728
940169
958214
798682
113784
139707
354424
756228
720039
22422
437296
303601
735084
98959
583436
244593
390015
33853
927704
812396
643799
246045
57656
206119
230467
313608
225751
475210
629013
249084
13175
854791
757655
890754
376093
124660
72971
784069
863235
75565
71308
225033
729252
72020
274991
648090
522377
160840
601229
312919
541888
732368
316780
493935
89919
959865
214535
267432
772374
338526
887650
453672
180090
239932
135937
383462
377444
795657
615835
688217
819150
751559
499771
119724
629619
494240
596975
754878
255718
7758
521472
532858
441268
709265
350353
333219
566146
944779
317233
374936
224337
87909
713563
506708
427686
140890
92571
305508
220986
811194
721247
229762
265375
567939
654064
839374
148166
222905
42319
963873
229403
566804
860993
72272
247572
490551
385941
855118
360632
359841
894436
272018
405295
783199
385787
55549
757923
71884
876423
420055
277011
124370
829624
694056
694369
348690
297960
856773
339846
44482
60292
460563
691833
96849
75385
906869
579965
423531
36216
395583
651232
89237
558062
293412
160219
915158
302184
768047
959172
669618
435898
942927
509245
422234
282859
912998
943521
285657
239464
625997
620256
943436
494363
867967
862208
240522
981066
603061
698856
771645
232819
608376
684877
921192
932282
370925
629854
909482
371837
325023
305490
593471
577760
51535
401036
234186
299041
826937
438205
477347
164232
614241
599148
76875
720111
511828
219444
337352
527703
106852
539237
69999
868921
14438
312914
432393
817301
426853
267034
514983
76023
987321
111483
359002
771713
807397
977969
729041
912326
209350
980836
47085
221183
843992
284966
510688
425867
358983
909762
680135
467721
72304
293960
118581
449032
197659
457168
888985
746885
585954
220963
784719
926031
340907
67051
624321
772261
802258
310470
303373
626061
469882
828698
378231
693686
493885
693331
195075
259768
642584
661923
692935
380517
659868
9030
217420
645051
390040
635486
240751
435181
588483
950000
182204
467294
39780
27615
186252
489608
764951
96672
899570
240452
418466
387850
567292
627320
475049
811543
682071
553776
424934
903654
559915
414477
421
195829
255313
839588
676138
792869
629554
754589
93621
975330
593484
408443
730163
446780
50808
613696
79255
508111
343520
734735
354457
746813
253545
697873
3471
633258
820944
724219
230711
374968
429564
4002
991746
210684
930313
462600
426475
496395
921015
688383
393199
386621
998412
947279
589353
97246
216131
909521
732216
453823
843970
611362
812302
372741
782562
283568
581916
864032
177714
461903
845805
374033
630195
808907
959484
190645
412834
896938
947986
783534
713825
508858
514916
624949
753836
596208
855325
438101
686036
922985
526149
319773
166191
885817
404682
828748
739979
795190
299065
965255
723374
732795
614763
900256
705316
479966
757649
146296
732904
469982
329411
237796
330047
432658
104684
969372
173744
344978
271795
455534
434237
680779
337804
508185
511402
101555
17084
619536
833610
331892
201441
881047
678288
344029
28620
108337
202828
204077
798201
678725
324955
431993
662351
677203
404234
991141
693056
279821
468049
606262
103878
487522
469633
829340
367798
885438
65714
993724
820342
446470
424826
356821
503337
809773
914303
490970
889549
919281
291511
504826
821682
68160
290049
744237
538058
242620
307752
468197
143415
144299
436363
655400
807203
417351
577070
371740
846423
966008
117303
480743
382544
490891
210
528591
443876
497408
910894
413375
873403
497
762266
680861
271275
414521
876737
868069
568374
625188
343926
632369
934869
901336
732261
543104
665424
581741
5355
838808
968766
419076
352156
397692
395722
977253
260606
173443
650330
453974
590624
632171
289502
101970
428376
808456
809967
112437
663495
531204
403476
825939
841188
817770
315786
534158
168400
853446
253575
1156
3783
735718
683556
997719
147130
623490
860277
932000
125352
189235
404277
519915
802496
200428
66909
211608
634297
263074
453568
882260
102799
381022
342480
733742
494967
376136
256246
560607
99859
909409
338698
237900
15056
255764
277969
979565
607419
28071
686094
807308
897921
758638
514290
629181
404826
564530
722915
31156
420948
248832
927149
594434
787152
616982
956870
126780
257058
304828
327699
153650
22339
371986
409169
875024
721830
338630
201700
22308
434570
360230
622636
696405
263508
261804
35495
996741
870329
124818
582779
699022
675600
396377
739298
717842
858424
316246
17598
898922
845551
86777
542352
699091
943265
708489
750881
575886
618385
619883
311146
275862
147533
59922
512588
543295
592635
920649
760608
68107
284460
475761
652604
445794
523506
756883
569784
904397
329233
970789
362122
645223
348760
911613
282459
389722
140140
425242
506375
956686
251212
15302
33188
353179
31083
990482
584729
493016
853808
881106
604804
211711
120551
550026
370589
6971
488204
768999
83513
816205
770202
821456
838482
647408
186436
951228
303273
80846
742808
310177
977692
677272
854883
82756
699649
593337
469399
