38931
406546
55134
331488
737593
878457
744274
190438
178393
679057
570820
626084
264082
607335
98742
712462
719405
492535
69871
471378
720992
416708
93424
438454
750213
159951
132159
472090
409155
159241
637162
406352
660708
674002
185616
656374
846298
883871
298000
914687
224307
397257
59395
862048
370547
245964
797869
424285
243215
869692
889482
17253
447872
955531
302763
51614
796086
88866
699949
459514
988123
600628
990858
506012
992245
521543
669133
503474
251207
540021
502792
531707
954340
345816
463275
305076
458898
380742
278051
412868
451970
160128
58283
416346
137098
877708
583782
145910
913714
388382
529021
909414
975826
429074
532518
424334
440136
655584
1004
82836
