243297
894037
128081
772189
457773
431118
426639
393939
346017
105455
759936
658755
697652
767928
875311
419534
446447
40314
898451
698726
95564
997046
85291
510510
305070
857253
870357
298619
601374
292143
573870
986412
890255
778531
27701
102087
218870
100039
284014
368329
843934
997018
328333
921737
791986
661053
454210
654345
148985
252804
468417
803840
348592
386745
42042
225299
940861
358634
650297
678350
273949
528060
509733
735191
74212
191265
38364
613989
960691
140877
662349
439136
689469
900588
314952
235923
629565
263261
936728
322954
718716
284427
633770
262179
660896
888059
742625
197024
511928
298251
252616
341623
351455
890304
236587
243746
505870
173400
299052
910885
226688
982630
971076
86758
738293
846206
520789
354410
20244
628994
568470
622741
314448
988383
286576
631937
416720
89128
890369
221249
726142
540969
559144
253545
270784
263399
511887
829767
485754
106150
402223
551708
745553
422385
576275
404139
447987
411175
295396
954910
221422
95022
682244
593708
472693
498288
190281
128529
285724
840330
745959
876829
734070
56933
328219
771334
773443
162950
119161
606216
556231
955721
899789
138474
762002
218997
172643
690821
71790
527842
916749
492197
829383
986956
536283
183917
887486
470333
810391
182561
947400
548994
97300
571041
936885
703425
315618
232605
217508
491925
477870
788343
635752
948815
938737
536257
107714
356412
499598
786438
502809
728233
518094
303005
833111
436492
632746
951655
272294
990085
140811
329217
988717
530238
943756
267588
73286
299992
300489
724896
81537
790697
419049
565396
49135
736761
803552
868451
135685
119850
73798
974399
577578
894227
884905
127312
153068
453221
647631
766371
765356
579586
847066
731851
658427
65254
233013
570721
632886
223154
232781
981993
339794
317430
561675
815265
202954
629610
852810
625273
923664
17222
815351
567117
256874
853504
509443
421567
718684
201898
897842
216287
654822
209976
926695
733012
388029
752342
796690
783696
922739
204683
661594
461749
458146
646483
105254
173089
153732
262699
967725
727853
521706
256144
371527
550087
15932
827207
840644
894908
456316
162425
357691
809617
700211
735011
9699
543920
423576
468593
219434
784419
750094
598698
576332
344217
80384
812868
830551
183092
584846
452814
689647
316268
287463
687183
905056
43815
191902
547750
140306
540919
642441
641834
209717
125476
979253
346428
511045
219758
421587
476869
110689
823179
78519
381137
776324
560019
377042
922181
114432
900009
976386
707878
279334
652523
335580
390207
356118
329585
714722
636247
502328
979112
253679
391671
752341
278620
121243
638619
160175
777677
574879
699838
520908
125860
48251
138441
392507
250493
760347
321785
145029
606075
734490
91539
913707
127437
149324
583354
968826
389258
915135
877861
499405
669037
77089
649306
793117
53731
990965
515239
704268
631321
184479
354189
649069
909375
122762
916759
320037
820482
938791
699178
130769
940038
594652
938064
21627
198627
523358
355720
271290
310825
253799
377718
733696
847290
149461
605143
853739
592950
649872
80528
72844
129213
576746
183794
797052
108579
905248
641543
301692
851117
157087
644977
280941
438142
21040
88346
32232
725244
145096
451225
941115
657669
519079
424181
134875
535981
30853
453385
118775
432379
781930
174258
497355
331053
529496
623241
455762
589789
623965
843621
134765
705575
165974
612629
937308
648741
151915
198089
727599
220057
484493
536213
327645
542479
209329
432379
656456
277882
688362
733362
928323
393638
508711
264869
815076
400973
739497
173625
17560
312215
732927
303208
77824
930656
122589
829562
443235
958627
123918
897026
157889
467013
625432
995859
184543
943958
137479
932184
706323
111954
741704
135250
377740
832500
444697
28259
542653
911603
35679
330549
771790
790290
381448
751019
913272
484984
317143
318099
785301
494556
817106
24979
88750
723295
447911
808782
383100
217453
277187
183331
612302
341825
910814
390775
672963
442046
527361
112655
40073
535141
447383
626354
833341
255089
199814
819539
442204
619186
966326
366980
74293
702024
639574
899417
367119
258931
363993
700242
650073
605696
588424
99435
767576
173415
259688
566245
137203
98129
476688
340522
375942
716952
32243
425641
786867
61715
425475
235509
10779
787922
948166
627327
971878
536888
782266
327095
999463
637279
636465
256295
591251
28422
898909
871485
19800
571766
726993
187258
8659
978649
836808
595026
210017
241364
381541
385172
129684
489966
185701
481094
874106
269665
416723
807746
170255
85121
528321
831687
358777
273139
366824
104312
154080
702785
994652
477059
929470
982667
956651
519108
931088
773992
889259
862825
497328
575706
412137
34564
126087
898096
678444
560662
146058
180511
309012
268482
460578
68727
848588
634968
87935
521325
277348
181025
886377
468094
320864
563696
746559
579624
749082
730201
999990
520540
639577
708282
493928
57087
324511
394979
177463
260285
618399
522805
126260
314726
487356
545018
660172
606413
834579
307185
241811
128071
318039
580556
302120
248952
467148
831912
395426
571063
990672
789411
500169
201988
27142
384894
221030
91786
427414
48682
354069
973361
239558
320619
659461
850948
589728
436233
731899
467155
256484
308907
972402
57666
273590
108394
234512
325712
224460
531217
63480
885812
325906
308703
851480
698445
805825
210337
79751
887849
208800
807934
919886
648180
158910
504382
424661
782619
427301
599862
578984
766432
173983
599541
709837
80343
817543
418663
292183
662797
255245
467221
439274
303795
623280
203483
416895
221347
556033
128527
826741
427151
747244
95233
776747
892939
605857
127525
329943
202367
137848
479208
177174
698329
883923
135555
984933
428706
447696
578140
644752
918172
504729
593763
952518
748021
743642
171995
472250
869595
275058
717902
147698
907000
871604
399826
528074
810755
686173
882641
148400
723954
662628
529509
216016
504630
321956
919489
250333
182502
947082
137934
190279
690861
790399
545160
186310
993193
881378
537663
868264
651830
120079
809420
750548
916408
175596
591617
18089
758126
333495
187754
393159
984133
868723
898924
467863
879896
722221
657350
769027
435279
777370
586457
553084
392829
749171
10752
897552
566531
510124
670886
298725
76469
705209
565223
107297
991143
681934
629239
936555
938332
81341
587686
960037
35441
543032
4760
11660
505755
856799
902838
282218
911011
450806
330401
408073
394572
76713
595580
239706
87188
322542
672493
428746
651517
263160
750665
519893
411477
260172
212058
261757
380878
337044
558870
670684
375814
490409
566788
615386
909798
709322
51154
669961
326240
345184
460912
242054
173434
3662
87937
387621
311611
655407
23089
22307
683940
169549
509411
432926
504591
629835
232162
322604
488281
870935
598050
643221
94331
369152
915520
609437
200983
943798
154782
221027
499505
215829
305675
133474
895352
573839
787213
474962
545968
941035
823566
383952
634651
782271
913893
220645
286110
55585
867224
425011
49160
984022
635669
286124
905387
402535
745945
529257
586786
95530
327141
634754
928093
603603
590897
188925
473173
