989127
939883
401784
414506
43196
996237
968450
559367
947130
670376
111192
795295
279635
523454
783125
992966
463698
998203
566690
181132
440753
864008
292884
947949
367655
718034
845522
110280
560355
945550
542720
260768
622350
967794
474389
482004
632572
383471
475065
612288
744246
778206
354571
149320
638562
95585
538296
770870
251663
382609
816938
194214
804754
166182
106073
16900
564416
960457
298134
237965
454050
935511
937397
479408
296192
183181
365808
851131
354872
980753
822565
457230
935623
366868
20854
408960
410379
889734
900573
165937
545979
463418
210873
774435
244489
748812
786234
239491
110670
698191
818150
217693
962957
303779
572911
919986
699509
400942
276907
506972
896536
280172
370642
793310
736509
818196
476435
879632
564833
200108
14855
603569
122328
63102
736419
966241
832169
332502
928507
434208
624406
862219
922253
807842
411049
226461
735956
114575
275152
744752
140156
902132
753904
379995
319633
393853
294672
918373
303080
440246
786809
388484
258260
666928
357569
294714
187929
121372
661457
895958
977817
488640
833563
921921
138481
401289
150954
779530
693548
957847
529728
515765
50172
984326
32366
799494
818613
142716
76304
903459
384108
995796
217565
399660
800200
434994
443359
351113
375069
113406
706139
582839
119405
976032
62587
688945
551499
532250
286146
64541
285528
554696
110588
543658
184643
234405
114288
509748
236370
947306
199867
107467
161503
83095
936867
324477
78819
795213
498340
367149
775052
294169
836401
731350
658613
903943
312513
398357
930806
338455
774716
741346
669206
396933
706347
92657
711255
66682
121318
316921
236444
903593
771630
382160
42923
447519
755158
894279
115906
994260
48989
209819
375156
59786
844964
528812
581542
315652
466504
211757
879264
319136
550238
580401
562366
433194
992377
88475
668339
7497
948217
214823
49889
559170
532479
673616
846807
911340
201344
74488
419018
70589
969639
99084
789548
878752
731697
519544
155696
241173
833275
644657
805568
34336
439745
316743
83092
499186
926668
421593
898043
280155
122235
325692
293029
83512
45499
250633
463855
745831
898849
726781
334520
34485
787668
128196
155174
587562
106891
848346
603756
279954
362379
513007
762619
426321
116307
275068
298394
898646
650482
320968
117280
401775
902770
575028
406777
484571
426152
845507
808447
809699
124907
827680
476607
743008
462008
13640
586817
344426
496166
221905
554041
725058
961246
488556
889835
226322
464133
567469
74766
83166
802422
203086
826492
596338
901863
183803
634348
365790
419520
913854
171540
87943
728651
258695
339572
652883
303140
441706
706594
84437
506414
191169
268985
459014
224554
716941
204870
850753
497931
161739
747496
837572
718502
774722
814628
628182
182993
36706
34384
192492
23337
298622
266151
914531
249499
360632
938803
6429
349844
606912
394926
714884
724955
907799
396595
6926
746757
13091
681055
681148
346205
509217
857419
691069
100688
213810
91319
830013
452297
254697
368094
807794
231649
768274
366665
5948
450280
794118
244952
864602
991448
817348
265905
679420
661654
336715
532116
785038
413691
500803
701287
111212
635096
400152
693245
610323
77141
192530
679126
154805
172459
805803
78956
344414
694976
696989
385625
991199
584841
229812
91934
736669
922769
819108
247320
360873
663066
682709
66252
384625
850377
781214
867269
173306
583802
189679
471033
72811
747740
644343
877097
660712
319054
666970
405855
110349
408951
367661
197384
110433
309804
50869
743931
483920
880827
872688
761494
553102
85866
339710
409611
382003
347071
963132
11486
560682
167318
390587
288027
539047
568715
744424
763796
797065
118816
805633
634988
997295
307785
551660
892440
180331
978893
525778
629732
10666
816288
899992
470325
670955
446071
947633
45811
180928
387878
253375
771916
123642
638301
424344
944777
261144
130400
565083
341344
236713
236144
632456
964133
207873
583061
848825
73471
208059
23552
263372
893822
691624
697066
642609
919766
648693
592860
735899
875693
497194
846266
864697
497877
767161
154710
654259
352022
139395
979147
729202
453825
704675
41993
691305
465828
50773
790110
979346
362598
581968
498249
947015
339608
353096
982341
690824
223722
172487
884304
152967
66101
355261
828678
797552
38309
927297
29315
367006
346328
214468
587576
359834
131499
512868
632451
916779
112433
61721
330083
70319
830103
211062
505751
88136
650183
316922
69841
260701
899799
727533
752818
611003
690009
242567
949921
683874
827309
639107
483553
606382
476731
231146
897340
366757
326568
243138
498660
453320
691575
98132
15440
411682
30805
801779
843337
350098
403232
107092
912876
131995
892967
446789
202425
682132
311584
21304
375460
458064
357731
504589
56309
999144
271225
797832
498274
7019
795927
682400
751332
325284
889343
795276
943175
797598
566421
720026
434279
914369
269079
299822
476731
554146
349324
539473
480147
112058
869921
453979
763670
720441
273012
565395
611519
881852
616625
501111
394935
410376
520483
825009
247934
484089
102546
195143
259917
102265
397642
482659
827438
2627
351691
189315
385430
443704
865831
495393
970422
247699
598465
893168
310934
895636
223493
905703
528897
785295
266656
985276
127023
888963
54668
602219
854914
77398
29607
439394
526348
468666
606258
570319
951138
731814
100382
220167
554357
948471
739369
191587
888119
997947
623975
781642
876353
756843
600807
679759
173393
180014
711272
90031
833743
277129
617398
753609
262463
349952
610924
360686
880014
202408
777849
740899
473358
600154
669161
646779
594778
491494
981091
478776
128835
773594
347386
806168
94181
958719
835271
29299
206476
450229
643415
660990
232348
155046
812439
678136
267367
849381
469148
63858
165934
422660
335503
963951
438607
332456
860678
182328
243786
981420
397263
670843
373408
600350
332528
753152
70493
949400
108931
584563
194933
177652
378173
400556
870960
939492
938902
193216
59129
549823
491072
362899
395735
886237
876273
801130
367947
772978
264885
409811
270151
461692
947132
461613
959907
419509
589868
212751
607715
703983
28647
545397
93518
798443
90493
313060
696870
291204
872589
359729
961530
484141
79227
691581
229654
780467
284238
195261
471088
543570
14476
741436
216396
50272
256367
132387
482647
993025
725720
625232
271236
891090
928414
675863
481875
143826
379654
602141
656024
854487
339193
495550
592242
147146
211854
429228
692999
994172
889687
860553
927112
585287
628862
334685
493424
414807
894830
354411
10648
245350
913001
88343
608934
159370
132821
741746
743320
956301
175176
519483
575061
963317
584767
724789
856032
713116
877022
624643
820061
163414
279378
732595
169933
567355
372268
358336
431948
911698
675501
262314
115628
942495
27058
702128
807136
281351
377571
527058
95504
147710
213729
389296
927402
844543
822063
845186
992258
144663
215670
493039
618585
264233
857164
642140
167728
367464
435572
827314
586536
985359
575941
421334
693916
511986
6474
122650
362733
917084
96772
518505
616387
908289
97890
778445
561760
432426
513329
150051
443143
621217
4781
222167
120798
793239
600886
774421
960502
374004
90742
48681
700143
46045
435401
545881
336161
84172
177124
751173
53564
153498
739557
751361
373386
106970
324589
301597
71335
804700
433946
822367
426696
407216
199614
233604
90147
279732
241597
859072
160690
635601
560632
793898
855565
262193
178692
891126
347530
358578
208274
648949
687848
284957
117576
635322
877928
104825
221980
620094
17253
737343
439538
989667
835354
557079
446387
940368
561612
558228
184974
357725
326944
173236
463482
95582
67371
801904
407921
902878
234908
298239
134547
74466
306565
872444
775999
136738
946486
10808
828350
955343
863769
648324
932892
327199
682754
143759
767927
662904
778882
830239
419597
21916
488775
67649
99171
129172
469363
763672
552521
681000
26101
199012
472635
233312
195797
386578
552332
42931
514772
587398
482063
694514
491006
974311
332934
716652
622286
407590
964094
744423
628401
495822
209328
374231
372654
42212
805132
317685
764069
767931
266130
717822
275517
173808
288512
824560
643267
774966
661295
982305
115311
720764
252074
133389
439452
22582
320433
25366
747076
957495
15931
429267
239376
72024
925096
658518
418645
810406
293975
108414
772549
405406
644971
369919
605666
344178
411471
120550
347452
693268
761211
219449
935396
481032
456900
644575
992444
171119
337173
62296
503954
892080
800250
469126
223060
665079
266559
725364
297794
278170
453667
116045
999726
884066
211626
973952
516992
301828
286278
128419
809489
486565
351783
20712
997408
262854
14541
83209
499979
287441
420891
59640
200374
942101
139625
912436
300866
753065
133345
812016
864845
984054
591600
269826
144699
88782
370059
926626
632357
336268
346963
446778
941829
383720
84930
979794
924113
479295
334931
180540
8245
102842
260579
558102
298128
339071
63665
717924
487803
559846
89626
674558
824810
184084
83769
710833
31861
345849
664266
187046
241037
180091
33785
126697
94579
135371
416382
928743
688649
271006
311418
656891
437199
22270
720031
956094
949612
187431
597502
795508
914122
989891
610820
36877
301881
594799
291022
986977
93175
134986
217597
3094
220648
37223
270326
304469
929580
583194
50958
433685
172
924048
182199
190808
815826
324488
670330
638316
999833
78056
136332
82369
879562
333713
550467
800927
753413
167067
155151
795635
33207
503859
707511
798901
340642
410984
99248
318124
888514
481953
549358
101280
618856
65241
186819
827041
868836
825381
773125
31683
820282
822775
902736
636115
932447
189545
208018
453325
840760
407199
423159
553710
273732
455316
544282
94478
608109
262493
433206
240350
447136
126167
913409
39900
139187
919171
708395
351263
616221
358496
416224
665476
24116
213780
19082
92894
146560
171733
776628
671040
517559
325677
958778
492524
989008
104690
28002
717003
301184
905786
427075
680386
511190
923203
977356
490762
369756
218991
257119
715998
974917
920945
497758
643208
561397
917983
92009
780594
485417
873570
380856
318905
204476
394825
905617
746981
82960
298562
10802
981302
184058
369740
534042
240232
856489
112845
359618
667334
232583
159407
272629
534935
705518
860669
76865
148083
938659
734994
99045
731908
505127
370272
85471
732388
267578
628714
733429
832483
347413
10669
277586
502964
998799
323169
48665
699182
982726
237881
516982
805505
275213
295569
908011
396902
330203
462549
968270
115483
118934
698599
780725
697504
501677
907314
108131
25059
722066
775734
147243
159351
640541
241769
194923
399250
714975
378783
192604
36114
887853
761808
708223
793865
122838
918255
919276
318227
393830
298727
512079
233357
479848
808905
672798
742737
499942
766594
239986
554031
900317
296044
78445
542047
31545
413287
898902
506236
16543
450181
59268
348905
262402
60357
173007
877980
747511
504138
106617
143532
215474
278207
393345
689037
733989
691996
523155
225359
386585
714522
89847
34227
374730
994123
633960
971242
345586
81428
539739
767353
26105
530567
459091
219073
170549
304796
64865
355600
971045
371412
364131
436029
166569
532145
206477
610736
675921
920764
795984
672544
622151
223895
567366
178737
308594
636737
831553
70229
253185
143561
353647
952254
652112
655806
956782
246119
748215
16905
270374
465613
165368
50722
615555
764841
148538
667247
150189
2863
877683
65432
878983
201884
699223
196376
829506
306584
688680
295377
894969
841547
5561
469995
731074
250375
207967
142506
99198
10205
576486
35212
294152
848018
522806
574833
676871
387190
847545
99203
924996
909089
931896
696675
699721
511403
467110
114820
429887
232474
60972
432026
637973
609865
378581
554404
387783
126932
639840
817347
110074
603946
657368
862041
282524
630111
563284
873698
554720
757529
318502
751655
718307
172783
140148
389274
377407
966861
602931
825440
626975
474455
529920
117799
484344
769455
702983
831602
719441
317170
336569
49561
63033
195414
405043
715951
730624
880491
779453
628171
879018
162301
304818
938742
860523
627044
303301
767936
651299
22946
120948
849687
978562
860788
766587
823482
993612
365107
674442
799275
512882
39254
500686
979655
5166
901803
615529
341223
499944
736684
779237
19239
326014
991412
564659
89296
936246
457786
444915
184904
397324
550052
76385
780891
783295
293747
121055
587394
382711
548679
432550
488307
427769
871613
811822
682843
172786
500603
138133
835126
666423
547859
810643
281451
38414
151406
225112
793777
427083
143400
894833
432571
918482
220049
472176
27204
17601
920701
53364
530350
305792
385818
543548
226617
184816
710309
118706
286436
714386
443316
789099
177630
214055
77718
145702
180923
25578
867269
158642
772639
943593
743507
526984
303009
291355
609066
973979
4908
448988
703160
590725
484557
493806
555267
822140
109905
116942
560241
844053
370826
91203
287806
998620
461587
596429
692247
160585
843251
336965
814278
451643
5824
116188
808118
555273
855884
693822
203902
260798
821833
4400
389199
387373
653535
164527
212566
74639
258200
56917
884766
846233
831428
717145
519957
571002
57632
946182
225717
317098
971705
840684
289537
82512
834304
3814
494215
134154
243650
621437
707862
201727
569415
859181
855704
450938
162573
306456
725692
777520
660273
433306
534721
114424
952807
925716
388942
31201
418866
98342
64689
717595
473930
148973
50594
696461
171038
119574
944586
134560
9161
847487
828338
884150
598941
687340
601821
2556
334658
979821
186719
430410
806475
54621
640223
889744
510342
926623
393256
419415
913973
478694
964001
997108
240494
736018
289982
703547
52374
989963
770569
475197
462609
414058
339155
754203
43981
415031
248501
938394
474584
126848
31422
587253
724521
52330
635167
301724
584206
849809
193127
751222
156786
322202
120047
735071
86847
74472
745616
431313
317416
674195
158303
250112
528199
172561
818843
226365
908700
11163
675048
290769
211116
362177
539918
77899
488456
117304
291724
408645
698977
231785
500794
704652
303890
616490
403765
822295
362267
989063
860145
501586
465059
7708
741721
491458
820966
763300
393015
368611
295417
393178
306986
761026
739496
185773
614612
231140
358303
849668
535986
430499
196010
682713
927494
757504
83628
355494
819947
230294
720065
906162
418281
708553
959717
751675
350981
157504
785710
252101
491357
932592
181719
568045
365489
201221
745701
842565
200469
872178
607996
981639
569361
56840
455339
516355
324817
264786
578430
10788
941854
553633
762946
282321
201699
79944
819586
293670
419810
277898
734705
659636
367709
783789
697353
932907
85956
380922
19674
295381
504397
753208
496683
358559
489898
87358
947316
395091
917155
321738
385373
497639
308505
563988
59935
135177
717245
584320
729369
553112
719300
300974
351503
129342
820357
389982
370243
176025
604697
423431
650672
355914
548673
626362
296846
233710
175488
768185
744977
780199
700605
397190
555821
642483
757321
922348
617198
824591
84193
420944
137772
585757
325601
299401
133540
305462
572681
186529
555949
301599
339598
904239
142212
154654
277767
168618
715587
393548
751466
949351
847785
191777
95792
717110
231059
152079
689229
118090
2159
837833
781264
223661
896219
10480
312138
927026
672849
460496
665704
98491
664263
246496
981536
673707
223604
698244
915668
602037
432046
546708
314363
700141
101814
825867
746458
611087
391388
518144
932132
531749
596716
604088
453466
22411
143575
629015
578555
722628
422942
449765
773449
523145
760034
493366
294626
127227
511336
941484
724008
42162
84477
966831
438105
523506
824342
437423
587069
169490
978456
888637
278
237894
493287
929328
915965
69307
554092
701400
510551
333972
832218
575913
361252
817365
217366
841849
888705
215951
768881
156901
912284
735302
559572
240703
246069
88399
747616
933699
978846
634739
835028
699652
859873
379216
489773
532476
525175
37532
235904
280879
863059
365380
567872
996699
772012
366244
234919
705469
305098
808064
598116
249484
704427
100738
513773
808658
403458
768732
21803
19902
816751
947214
377149
953070
702307
340785
620786
278055
762682
596945
462
677700
896972
894856
710164
304632
939258
784293
636618
807516
128637
157541
980818
996846
717128
38664
17621
123411
618161
59760
166747
741483
312247
393214
586555
596940
602196
101761
939795
747822
909881
905053
150462
199382
779480
580568
269731
254005
902019
959796
390601
723622
823817
842476
388377
405055
228830
416470
890254
387489
314473
207127
141588
514649
186419
486987
611508
412198
776343
320641
958417
60186
249253
759140
512249
23300
503566
755194
918426
692876
917482
481165
385299
927085
64045
765618
912580
163056
206372
244976
6509
336421
916435
5887
116481
26001
841238
455296
581598
938170
972011
915711
704605
569100
350832
274679
521252
287392
635012
797769
978293
34625
585151
72450
181134
230106
554613
971857
767003
129159
737152
31842
327329
392752
864524
745043
765906
276117
215984
334116
147469
325199
949976
155427
808708
742009
49713
317690
101132
922014
40039
802540
984176
778896
104155
408244
897432
405298
561795
502721
994058
449470
697328
380229
842746
242419
792087
879779
492733
385923
63527
486618
313814
478551
214107
551415
835196
741012
136816
737078
49673
710655
942529
746374
771171
434776
999089
394315
581986
778107
542780
555428
486218
402739
117028
357195
393877
486114
746909
646044
413798
460302
257175
545219
671382
567012
813993
712720
243877
731396
114716
368585
538676
906252
777127
396428
88718
103405
155271
1271
641779
819339
1669
301280
850023
174196
667851
175309
398248
443412
647335
638601
56300
475757
515712
15585
319121
873593
857722
138337
452712
874266
787364
230574
433331
171947
420254
479872
656046
576599
532559
466563
673826
917772
895603
998357
718179
930152
545625
291377
619736
204060
670812
408341
826307
354616
902413
67923
136126
780610
588055
289396
173756
708452
319261
193770
806039
596302
141628
227556
26018
716524
898216
406853
761037
510293
287879
966684
820120
869079
209091
383082
673864
291712
300294
287538
617424
339781
684797
700845
892084
249715
403483
126193
622770
468431
638531
223987
510508
947995
566040
916925
484418
613022
314564
952743
526034
391977
870379
960588
413742
65664
82204
429911
679195
225126
473605
921416
158158
721763
545023
576679
269698
889329
904037
177961
363313
747192
977834
305383
309435
438184
835080
662247
938628
340489
282577
892918
348333
853919
615547
135810
968627
380592
765651
317845
811684
169354
253641
756442
609372
728820
105682
794254
577818
963336
107159
839985
139560
326646
624147
513350
956759
698631
433785
602890
232451
235714
260834
713063
338149
986934
71832
512944
151868
245015
906747
937455
389116
167225
89023
966746
591985
915100
899215
617548
304587
63327
137286
235706
600356
114986
73727
460570
55465
107574
813526
653205
378411
287956
999144
144613
276278
583910
858114
26335
267182
968713
905566
809266
299316
153144
159433
316938
150118
424379
773881
664283
124047
988148
379232
667506
794260
574113
185348
447643
219816
873894
468547
559834
366553
865319
214822
280669
505593
964853
165966
292163
394204
212563
318934
605709
7206
87799
627282
778524
357136
689442
385818
993958
213146
185029
889611
28664
626615
233997
480508
505620
814475
982959
676111
365092
212580
363612
324243
331331
110213
414039
900310
198019
874737
392227
634045
965236
196301
716620
789313
813934
81868
56775
975760
961673
856285
634832
528582
202738
40121
704109
477482
886661
112925
471276
799828
907874
327936
212837
591326
464200
896397
38263
13689
385592
209125
869205
10738
513193
20388
174374
153711
208099
316719
336058
848217
474838
671252
182603
997629
190437
598727
812197
238997
9786
449901
573439
638695
422803
957790
369062
614787
129947
135716
24497
515956
245707
724955
887685
752778
452479
579615
477846
595853
456462
369305
780439
128276
808357
219967
807168
54343
880961
413460
528307
56926
289069
954206
768004
94319
13923
902767
535402
670354
549315
550112
790981
169763
244945
397249
209412
156048
436781
207384
434373
387312
860212
986663
536039
797679
209251
75857
822562
878808
349024
35732
616580
120271
642051
195304
422906
283453
450435
419188
155954
830298
248476
493580
241304
150678
408405
531171
801174
66041
674545
271261
266136
646025
114298
893462
882076
785216
836709
460104
681806
172604
107260
328900
437945
27202
153637
639344
653048
560827
656572
58653
266068
211840
559780
488249
373810
621350
381309
254065
609921
167617
353676
769884
642845
325514
577775
485116
953857
288154
399938
179134
947525
649820
852655
948915
3387
467095
105389
375919
24138
874877
833179
9433
653632
894688
416649
877331
730204
91010
357655
887967
984464
606273
237691
764790
607332
489025
341556
462801
631495
75081
578311
62714
115787
586889
391125
941047
201293
824600
585759
216025
639642
323560
767546
101900
310362
145777
489049
304288
651818
133573
431020
443764
33964
79907
465892
636694
953163
703775
298656
789149
268452
395342
323708
571242
54181
829137
286411
495319
200896
27818
212322
24999
907786
696501
117717
890611
13342
230324
313510
904545
121032
166573
356366
339180
284477
831112
40741
370454
748128
327770
498333
618015
384046
226340
181317
367035
91377
417865
237628
875541
849570
197744
420600
841334
284443
650191
327873
693583
834958
704981
3316
518310
346681
233947
824922
844231
144819
229638
766053
88955
853623
576931
404072
779088
26082
63222
258053
688724
451931
38276
412229
212712
508672
561916
793066
529627
551612
801170
993279
817691
767064
833766
866207
791485
750865
467839
735614
263923
334927
809535
509662
74397
133161
94466
405195
48945
251053
58400
251987
655915
304721
790351
530414
260494
696373
341893
87140
559454
267069
360980
158554
859812
857148
68637
399673
477357
671297
691916
341544
536006
452871
445739
867433
6926
104422
590795
562596
599863
321265
467980
346811
701146
299931
158930
267360
741194
46182
842567
362122
532729
953894
787133
853886
364812
860207
547555
127599
209220
543969
289224
601247
495845
797695
94631
989571
549820
840655
582764
332319
857780
614131
628604
178770
832642
326358
209491
479697
239339
913519
753116
716743
488615
676676
710848
74850
508827
936551
871181
314729
409203
665224
264710
591095
263802
539764
154241
964871
773471
789207
295439
756573
826902
200441
916872
725225
859829
373499
337055
109091
786422
458860
521988
234355
374211
573025
706087
830522
860733
957630
882325
986297
27953
35465
983910
909726
877371
158447
42112
247897
983099
644518
707812
213097
633432
707975
973215
657851
290511
528619
63340
219750
589871
549442
15604
7275
967410
275143
802156
640600
40542
887964
568398
128561
73966
92216
310330
818008
558582
712307
57621
742826
512955
233730
161184
47995
859133
711007
721014
30019
399027
944031
129158
372964
566198
805789
546824
944622
36378
609649
357002
654772
994487
888811
645362
228214
603519
697872
747058
716603
81233
75587
288578
159965
865919
227432
918689
744385
16047
492852
758120
794583
386583
976024
321385
436247
124470
201590
62371
80543
294639
114811
316109
211806
97490
329670
619050
708446
941292
647544
332359
971639
273419
668390
818214
9391
720597
708585
40195
695474
837144
229552
136563
265361
424083
447000
555136
714655
288940
520054
93689
246326
72455
724915
906480
952164
63900
765071
242922
179414
806018
365370
673333
459343
323213
218392
890034
458910
98276
461190
303424
878778
163023
313616
193379
107684
68029
814821
244728
540612
520912
976703
234364
708524
17758
410206
129025
554679
545339
500567
497389
384497
591053
856141
114369
959644
154612
31248
989957
33960
90543
301184
297325
483126
721522
281369
784025
490908
631622
950315
477898
906937
958162
54490
759355
971507
117951
472197
97936
465287
722109
727732
936134
807612
997812
374544
838508
609666
929873
582923
513035
666039
707114
749597
174897
882566
799776
652618
178055
366309
810538
649690
808145
558433
484172
275184
468448
569438
937627
820148
101981
861808
192575
900760
564190
699198
108017
43300
195720
694161
184924
728126
216431
812416
235355
308251
9263
103406
978586
169351
196772
8978
69550
110294
304472
473740
921972
122023
979767
991757
372976
459313
197203
991078
87695
748651
570064
422508
345696
459573
733008
550152
257261
635834
765882
336812
50512
585255
439511
307758
674830
925766
626463
167356
955178
239895
268238
867795
239574
725019
862141
609717
518783
83539
667197
630840
100427
447986
143635
526547
65360
548872
563726
314423
60290
244836
214386
320221
520815
89362
323268
878066
408954
241035
201099
723367
737251
850677
618841
733010
341619
894379
744992
646432
416616
538859
609183
899305
441426
122808
43589
755243
524414
499958
241686
195703
799661
745456
971269
745016
740016
325240
467710
725439
322766
378646
623855
507959
983753
424125
487187
465574
183700
874177
662390
107259
503264
605359
521676
94599
592097
31309
351098
358767
526808
638790
151491
367280
728582
644236
863146
887934
965484
419188
947861
491125
925658
297248
418957
76954
727104
799356
769358
666497
499826
868074
109336
317959
57238
485275
251463
984183
925186
926288
910134
310085
868199
738598
655942
470364
522700
12114
864347
14921
4016
544947
819319
762240
773820
880179
566035
204335
364652
93117
253901
311988
578963
118731
125344
449590
614234
506729
474934
280418
908636
706191
286907
871185
324479
818734
334080
30138
679184
852467
458999
785723
304504
585606
93025
40874
902585
12572
873396
522642
121040
802179
308385
92560
753242
860057
714012
151927
702522
906382
909615
66486
174052
93162
15718
814142
516467
643326
296867
873357
480750
88715
452989
609078
327012
417626
751573
573187
627542
692496
443052
427857
284858
120665
664282
768404
285015
936369
14036
290079
354418
511172
237872
375022
671511
669302
582686
915318
377864
407269
453709
479060
59051
318671
744120
848229
369405
340532
211349
917900
651166
463859
426056
206590
957352
773347
975903
300830
729712
541954
77972
303243
620763
246121
880333
74707
469847
821634
592608
883381
236176
21866
191366
389062
490048
418178
651876
639520
134121
141698
737275
970781
131347
787919
183696
304964
387694
263644
690475
689003
944152
800091
276417
290306
686564
349328
652800
406018
595810
983269
582466
25853
618792
864422
557872
752379
410678
297691
423479
944883
247971
674185
167129
228843
610872
261320
169231
167419
38010
537882
865546
221324
561130
194892
414144
776774
179493
320561
785840
996346
783200
743954
72484
554624
664363
220291
474897
146487
707310
967806
603791
721363
232717
270120
289594
174878
364102
933995
251251
911294
91311
359721
70876
273800
514965
785617
658891
149128
739064
700908
284004
677662
326708
66911
902796
439278
464292
324790
630237
987088
217641
753452
855440
590900
483760
218970
304769
719089
439574
868588
409651
825232
196067
815692
28748
60771
294610
837046
539812
787027
314452
739164
178878
195166
760505
264500
81918
388347
197295
811983
851737
361418
77950
886300
865194
566058
196379
902015
675102
141873
959809
233215
832588
919497
473654
871359
135079
422008
113482
73154
301360
786166
893399
135287
911847
415788
22042
701120
606265
914193
320016
854351
350112
28397
248804
981234
396320
159123
187635
374284
889430
411944
928560
509879
134164
431784
619547
662019
323772
150883
222151
582327
233795
889750
538045
572342
436746
609495
866523
49708
70407
362739
781392
413637
65808
482365
7335
743493
411487
937370
187128
282642
762889
978497
500114
456885
240841
841189
791890
460447
938290
665564
645529
971075
96924
576934
959156
454852
219372
197179
945666
657705
125166
292097
409516
898638
665138
1612
861649
104541
774927
82919
184083
612007
43994
971762
290024
684894
325659
923325
586133
359671
417765
640683
960059
141983
909185
924093
265317
680155
888410
244523
635244
972916
298669
995356
963547
294758
352254
761651
765231
241028
931268
993181
833038
487778
704110
671940
850454
413850
359104
977482
296195
852508
446614
509869
484364
663793
110197
894566
635908
883559
66978
822225
917088
310529
75087
727715
410941
640455
810320
300068
528707
450755
87132
360900
374742
252759
558590
638177
662156
692557
971358
250412
372319
426371
816726
788462
92724
294900
370955
207092
593748
467156
138627
958644
579499
780635
680705
626152
80285
750602
355745
482741
4069
112094
305152
628002
543223
477705
157765
416715
884818
472032
671281
754126
718217
244200
765171
469572
484082
177542
542090
206117
176772
786847
412112
65616
628330
385152
835998
332834
22217
385436
444208
912014
462952
775982
968747
462740
726241
844302
506867
845537
547402
236295
818125
244074
702088
544771
999817
684578
449718
739264
967950
19279
676991
818910
465263
958014
116248
28282
940559
19333
988442
242083
469013
357973
892305
583367
870064
272987
964999
799257
488417
115500
268683
871217
779499
656474
308461
352174
731387
559842
793949
38588
573379
889216
107113
20977
713722
48003
867029
729439
23399
740092
264975
810703
788019
734291
812882
879882
878029
997449
90990
123184
900995
491775
50570
969138
930923
220515
455348
879975
372526
251167
920323
986614
92766
534919
872303
444154
732540
326211
924085
717082
385056
212648
876181
776187
60747
329641
268493
120417
39619
397574
35567
490283
455489
197126
458880
912731
191130
27367
440019
665308
109150
283389
612747
40079
795653
320908
95316
84647
907918
222579
456644
97299
928167
487914
300306
427149
715700
544600
902963
201314
66179
822830
947375
697491
742684
610808
144102
870309
235223
782612
115673
358219
912527
148022
493313
740023
272054
378928
709465
814154
381025
33574
497554
723542
737530
562457
375573
708738
412331
984423
53127
453778
486267
819301
475301
196103
39012
308294
857058
442218
168507
934163
865416
686003
328359
182067
415184
678171
305959
657646
748693
143295
612495
642251
540321
762031
15572
167317
921599
939905
12921
333816
42111
628373
838441
816523
84726
726339
249
193291
940114
766514
804770
400530
235643
639539
940987
334184
2617
569667
782352
197843
818816
565859
543054
705738
474524
707450
262868
742827
573339
726171
80705
336725
554506
985621
313147
625960
19533
537294
566731
246869
584795
232737
601979
52812
510227
234624
48377
299597
605564
937130
159041
557020
931129
406542
418661
851574
367387
413100
34556
585327
765263
244710
805506
270984
341217
846405
26308
563645
6208
464998
643667
745998
575574
388106
397018
182212
608605
221922
377882
662654
747053
267867
697494
681737
342146
521471
513243
483029
733865
118431
966806
371753
847803
806487
455272
989985
633633
905466
153145
832571
805918
353850
59974
247799
638465
605531
487042
941302
180555
278160
492590
936013
626174
226969
896100
670658
326598
542983
314358
234791
584343
599245
917395
460643
892876
670447
392142
488081
788594
546578
320929
478248
190074
406192
674223
659452
103007
103815
391775
266514
194548
347382
126814
426714
509475
844130
769021
553491
236721
502026
949600
406202
498154
992058
369070
296885
569321
556868
221856
547107
292571
507859
86394
167593
921922
566562
282662
488446
612388
277737
145018
631244
822880
446119
36848
142112
451241
218679
344470
160891
935157
664624
482647
284578
799042
527844
74723
539241
716810
907232
126146
687201
799604
610674
147020
143504
775582
639447
379661
115660
16588
244977
570499
635870
48538
908818
186154
497578
376864
96891
831082
265947
521623
359790
713183
467320
339707
42917
799169
636535
519326
892160
762362
361920
942705
487293
816524
663159
436625
151799
734075
733784
754202
878628
52789
754277
333458
938692
870504
689866
92575
528589
980941
506357
492371
347389
127569
938612
206805
733980
728806
245152
265118
849315
306442
118849
694804
925093
345413
334857
978332
213042
647388
17533
290948
235413
278637
349648
345557
769278
840238
429057
471872
869934
869996
959809
187063
416491
121732
519933
539999
828559
735007
557968
192595
132398
330671
610148
223642
491831
998216
769261
251120
998323
681423
832676
541375
74227
736200
665400
964950
918322
481987
260266
60781
81212
260975
500387
292834
289582
80874
238893
339196
449220
879181
772277
395644
953974
286867
294050
198585
877883
265342
379495
64820
51432
378865
446673
682114
749246
731622
255345
193808
506135
905817
260362
689725
808779
386835
35436
365637
873974
952792
760746
740272
912880
121017
974485
793848
167371
285943
65615
714445
303432
152822
432274
910434
115936
657184
865666
966964
647393
51100
711211
598099
870332
827419
186272
594490
641887
324718
613304
618616
551628
864998
74188
598548
859062
837972
549032
651953
494722
456422
439863
799087
724871
612292
621359
247677
567281
285976
333387
216484
651428
468853
307922
124823
541853
891411
380598
47205
11062
640469
266010
820797
508605
497665
588796
993081
660496
591687
905258
383119
129270
312976
550216
810234
139170
504526
663140
356743
388413
506475
70153
755693
973741
775443
378320
200881
801692
711101
471162
625233
557506
373690
446407
502421
297122
795245
841686
32217
600903
96316
698711
862913
729219
183691
908355
883909
837699
785818
955816
329409
700972
374904
58714
772831
24571
779648
180823
796144
944816
246977
933093
900726
973619
395406
237512
145388
999683
33746
176605
345354
519232
669128
837889
210340
246588
630727
425707
993291
807477
298666
487640
764432
258597
209916
506146
197486
254315
723235
632564
985755
136424
93334
134543
427173
578121
13643
812923
179704
144499
337851
553927
740744
573662
84613
425865
31394
643379
909112
748858
740682
561321
627463
572816
317056
811481
496113
36565
946296
303865
23578
322939
107169
232327
173886
261894
278982
126098
347286
471471
259311
635837
526328
799513
660749
731276
181633
566875
366634
945045
540624
256273
384109
462855
342843
963910
299732
170260
227720
115109
313675
322988
952899
25839
451827
94631
550508
687901
258708
312266
209600
970785
985761
760545
912729
58280
831171
756150
472263
83059
919365
69805
314301
853587
182236
60560
562260
494738
860386
150300
231103
894100
505423
109661
343654
608870
972748
910770
458242
11067
89873
830034
402665
39013
252983
415949
907879
967979
137884
863675
584480
730415
78244
417479
784317
650547
903548
723063
866457
813912
391378
754293
149853
907157
318024
463177
493057
368586
740529
519241
839629
638286
389265
516613
346666
207910
488298
870830
883766
969208
320795
876763
786938
205013
711702
408443
163107
140132
859990
377135
339445
399571
165736
228997
162537
279509
64887
630433
205212
458248
840291
762836
520443
404273
779665
436529
32877
662064
638055
261861
613726
787760
432492
786621
646050
102039
360690
558095
350524
757526
640528
638721
515232
751493
203704
8438
145293
126687
713234
642166
53030
529967
67421
832538
291287
265180
143669
776552
512545
556529
166240
357523
919655
547010
135493
208947
412086
73321
137950
899916
308031
593199
141401
918285
189536
950265
34191
508119
998116
650522
39207
633644
291675
696590
14541
993896
835285
322808
599538
147979
128170
79647
148472
665810
858616
283770
7269
325689
893543
161199
541553
99107
32788
941071
743790
819748
425157
740616
58335
420772
596457
738230
696786
574543
834624
596613
887776
667030
433126
553026
983507
223903
33272
595168
739831
100357
313340
323998
898979
504321
488510
740718
581637
441294
135865
962537
666108
512037
651006
937691
382993
197945
217487
338602
688446
364961
42965
404454
965831
586230
856449
689795
84902
451010
481429
139726
143064
727357
364255
661719
848614
997687
199327
141525
941539
116016
792730
587350
510941
525120
901558
227360
590361
721219
882603
311504
693140
791488
445274
716210
954096
621492
561050
97218
843270
427243
725346
583223
52200
331484
676130
637112
234396
850759
896822
521652
164205
11496
472175
305463
616631
670887
567762
310800
812417
987660
803368
517157
738848
30138
996224
59395
332461
886549
93139
88704
240332
725483
701772
338317
143037
138737
719535
42252
186172
243680
425572
869144
391268
557827
977151
191905
495786
847465
748209
331903
10443
536140
367123
459529
325324
194019
280310
855160
409046
42008
783884
582185
342250
69761
116432
869881
616848
908967
310418
830417
69121
94352
263552
342509
505817
547250
445276
311507
68420
928630
490028
918815
546102
638069
541128
975937
242983
429448
257674
32415
599985
831905
153134
446650
487581
706492
913116
485933
701267
491927
982677
515036
675207
934454
919568
451128
741130
943460
696700
854231
183822
263792
640211
56341
422789
913024
857224
153144
870897
846725
182750
739210
165130
473624
740998
7492
607234
216538
849139
883031
184742
313530
183970
756490
216263
907012
320572
410049
24293
766306
257242
314688
841447
179974
879433
252786
810603
441175
569957
256093
78457
839463
759713
735487
823097
389618
976182
560595
594655
339697
565555
960561
299065
653775
858390
937998
934507
762359
506126
882723
421142
295209
528707
131060
919572
570435
992126
294290
106185
194514
556608
157139
982154
524002
970297
462012
532333
267166
616772
44081
288707
427621
55247
258766
344298
280570
351163
445578
47562
180316
384828
215560
729256
979427
284735
583943
58817
788301
594618
989848
739652
548099
667869
201511
868113
29568
682505
104804
328818
113984
753407
371319
746956
97629
307518
574339
576276
404264
33625
731189
464213
763364
37826
522352
106490
360325
339612
37345
848190
788290
209581
308268
537023
837762
610417
925740
390111
822206
704518
391002
753163
663521
201887
78142
603425
493120
590143
412334
250194
625358
76552
279131
912688
921546
123670
810261
320691
972595
745312
195067
733386
658280
520594
13463
925517
617456
511889
451139
853257
122120
476971
890136
245359
560663
199369
664544
953264
424882
391560
897789
651198
386227
132490
121918
745500
513627
699749
620287
456577
294316
390663
871827
417076
826841
309443
983698
328343
8208
600217
861905
355222
874448
528264
623412
572625
179970
554676
525143
110109
982900
904660
252812
84723
730621
221031
494088
660084
597130
209099
625217
86900
306115
507986
63818
388630
83634
191723
431584
92947
538999
159612
379016
213281
203823
282006
132301
100105
792859
201978
938568
147172
621228
514502
92547
857766
500737
610164
83388
956374
870135
544033
388736
668944
928376
592619
986416
442244
971209
524226
142950
652540
649811
90692
722527
782269
357785
540978
927651
940011
451025
35346
955418
40555
809739
362997
39034
440951
972112
611068
205115
601110
329485
237377
653293
520385
588370
129465
759988
138028
369088
486133
74114
64027
453116
524849
63810
258486
397503
743871
943658
820705
460391
618532
217339
497772
778348
160608
231005
746798
40747
794438
726237
626175
755505
707966
968235
317756
497431
500524
36541
745776
95280
654523
272878
975761
223109
400373
121423
947340
100368
912297
412488
20828
887090
219094
408490
725013
927726
425301
830381
807401
28087
621028
369353
605384
390317
891920
660906
39262
186137
693429
362312
889591
701159
926975
563443
810980
379574
978734
596155
42425
54449
561596
424777
505446
792526
364377
432478
350961
361274
902367
997730
622546
215268
240585
703827
225863
989506
10889
65705
37950
496046
176653
425384
408781
522061
684866
275931
942163
817587
444555
395762
360504
110929
578832
50658
717587
864699
194184
819047
396235
977709
761340
535815
540774
215797
15614
305592
455337
819973
461533
71125
211382
951470
509141
768150
257788
71953
510714
862919
366119
441251
514137
889560
258692
751276
877035
448150
926419
757601
804227
752879
758589
851078
235298
715475
334142
697291
821133
646868
103066
564590
922270
163551
387909
8826
34557
311842
559940
927974
851962
105091
865531
448271
983438
967119
294576
724140
532589
102943
843106
602589
285361
629137
787265
483993
474354
328343
339634
482306
201756
864911
546926
548310
392055
559541
459243
93652
253872
948053
95921
343938
753132
929144
444646
274661
682028
177280
839766
685189
214301
635291
907499
995367
468012
980434
526386
563532
182975
11454
539861
207775
48833
789355
147793
490078
700826
359059
722935
140876
661371
819339
535207
46337
749453
484304
441506
655972
750202
195498
181970
143181
578744
867108
637419
524958
878541
990289
640761
567814
307755
374305
795156
965795
252901
544346
100323
375061
132393
540944
150358
883376
376558
262965
817886
613773
580390
914244
224073
463279
556389
124249
694512
323709
557554
598882
202402
507203
812007
890758
261690
381689
110617
284422
69076
348244
294225
760432
887111
783969
106810
891470
73577
403774
916566
211136
969666
578059
543924
18846
193920
401937
201048
186948
142976
845173
132487
275083
352383
519171
876132
208921
966224
772365
69263
799576
707159
133117
737247
303433
62422
186782
517809
289190
353179
146109
178896
429330
74450
542776
786733
381971
544476
27317
486222
802289
701112
832934
764272
367900
308204
719170
431014
485830
709794
940992
693013
862558
262197
349070
83225
174978
440816
867690
963481
853896
430674
986504
193207
516420
938775
44798
875666
882893
61174
369527
801311
131614
566905
893198
934204
837712
877733
480531
830173
195087
350809
702636
21617
112665
791954
379194
903267
246164
529008
13008
876898
746295
840693
29786
900465
255164
524314
556143
874083
201125
237359
930564
618286
663144
295875
30644
784311
681415
268742
763245
897192
447886
621774
934289
580949
924674
34276
41002
419584
790780
489096
971746
660129
251607
892
600029
680047
777672
454580
485000
495498
546595
67321
912502
205575
522841
160251
528808
247878
875808
34438
663961
152298
249390
828789
539078
833160
942822
497369
208252
440376
751592
872178
166195
865528
845867
62168
687312
594846
428954
876467
378261
888830
405428
342194
814162
170010
170542
855297
374155
429762
792885
600379
349393
410433
29021
157217
11560
220615
470645
977160
785256
603491
23558
27227
222107
754462
831108
252418
321273
461923
95409
824233
893887
80268
125585
450211
857858
895043
349465
50090
297857
533287
568694
913399
8585
34565
460655
638652
886855
608891
398988
486968
715969
261226
94917
831006
119831
846711
992773
356687
169733
290209
415034
868272
859467
685318
44943
385808
746449
850891
617272
365796
65240
413212
435784
184437
502479
462035
798690
120689
987360
406814
510063
717183
626575
490710
459428
464123
92737
532080
1610
494588
307417
913741
267937
71295
686068
762428
358515
690639
911934
377457
285449
630457
78634
998243
210122
825503
195037
931129
864491
658627
279855
459530
552566
143758
472763
917958
863639
572846
61515
238029
509508
835420
492652
490464
648220
466307
737144
626131
414689
953495
260199
215542
13495
663572
632958
311273
709650
122590
304262
67822
631904
128857
905449
240166
630451
728323
135487
465926
504523
3975
739608
488628
454078
640286
860948
115885
448141
681315
857468
133124
736502
368059
886777
730602
824533
524883
662445
396483
32103
69362
813851
972544
207929
570838
952163
831652
21461
123406
217849
120700
672991
814214
620498
312572
693524
481519
10456
13478
562875
709206
583891
185378
108808
317717
910868
442308
515681
486836
32515
860456
476577
452536
91936
595756
357293
151453
939602
121452
214494
976240
353890
744240
962670
169717
37016
936394
357348
500120
648665
113633
513872
749810
79551
110950
453022
553858
550537
883354
212211
38239
554675
746723
356791
379154
337008
989136
862922
449289
615403
896640
179233
936316
358567
487228
73318
901438
657162
441246
780530
417253
512183
389694
707928
967045
711911
765410
828933
486247
734512
729818
764638
725055
635515
109223
436320
272847
390572
242237
741553
767638
379638
72635
434055
269070
856895
190929
328927
990785
203881
156957
527532
226646
806912
920408
512779
4179
481995
364511
739382
421830
987362
235163
745534
333750
881920
64034
551501
66733
981936
357105
55326
771906
363092
917699
370404
741043
995621
54758
646770
967369
169084
714392
823619
609651
113286
161388
650734
370407
438247
465012
95655
587287
972517
522029
945041
181905
512668
427297
195712
839736
545061
471343
456608
304683
878422
875237
926062
425504
13990
782889
964574
332234
974310
823635
276495
258895
258688
728381
167569
785787
182570
624725
801237
60048
415726
361919
88449
568
606074
749637
170563
579069
281648
47650
58257
761938
516506
391844
160511
459730
292278
318635
401725
915419
463104
896897
445410
446493
518904
914457
290630
199183
825633
812682
532049
107480
432880
971846
619062
340464
250361
363350
377389
57383
429450
452004
567824
74916
162170
109685
112823
427896
917151
905393
174759
463705
82287
886867
75784
222307
867617
797619
90696
607861
850841
609019
467905
307854
40476
421472
125278
473924
438457
288472
972450
623640
228074
744619
687794
285898
771385
389815
839888
257974
557509
54506
545304
148145
924803
595708
975530
102293
806603
269518
379151
534275
168419
620424
501407
403916
560460
949552
455568
318597
864055
144476
613959
906592
817649
794145
840564
199927
728537
789872
193011
647996
312738
389730
662834
92688
110276
9786
691871
531412
962363
562756
371205
654355
3312
234280
773645
653263
411012
291934
446916
417821
385355
278584
149444
932955
751541
626867
450040
546138
547425
797236
475105
298609
394820
572297
750774
797338
573009
184988
202797
553771
821042
696775
543663
661138
740456
819874
217846
765035
184986
128897
813556
673268
282860
944549
570666
520320
927089
910418
757130
807535
97565
174392
700311
388700
988641
439763
536076
710473
751919
24215
140584
802928
617361
477417
898739
515823
939103
892150
304507
747343
362674
97439
909988
85285
570759
110508
769155
308124
168292
753573
801621
455370
836441
624228
526689
80181
893902
515216
602652
291030
89175
772604
208900
309448
402714
126414
76705
538523
756377
524069
134800
394244
682951
48225
925660
63844
945572
705002
960429
572451
862278
40044
56895
801831
246918
280815
690254
31940
996459
631207
949870
734424
87581
60135
776075
299752
674226
653284
189039
616513
632811
402366
256403
359335
885901
635235
443362
720188
925859
221606
170261
641511
843496
248970
895717
286383
711274
298631
454788
209843
43932
546802
773973
561415
237991
705887
575857
301795
583044
315242
797650
47334
296910
927070
680549
209177
728007
786393
82168
142459
956977
460634
159025
266060
963142
573885
693310
698211
626150
77965
648358
899972
284580
113903
323642
343440
697497
678363
526453
436264
221051
741432
31416
247824
884681
273455
16909
381228
954221
79242
204094
224597
360594
659349
663405
967296
688030
809697
47411
831711
694793
898693
244386
116663
331723
383638
746305
467267
427984
503597
854857
450776
271298
880904
863444
572300
571847
735399
2097
272180
86507
815131
725521
917138
913414
346730
873167
581734
246177
11709
501370
670255
529508
134271
556135
303562
779404
978687
443506
308270
721425
755467
986851
873803
431482
220876
588724
271790
701746
486488
325493
29446
996146
455900
511696
624005
703362
765138
703818
354234
510015
53148
548916
25037
947063
103828
62382
495895
999821
299779
492233
268245
16429
278059
930712
727562
426569
701316
993752
317174
888007
373669
90359
380318
585842
585314
455605
431458
196907
566688
367590
699217
970384
16686
940367
464292
749621
151054
222724
594230
657587
343997
415329
804745
455978
522329
941538
60141
289024
859818
318942
257157
58383
970745
932963
726206
330951
798132
738372
224372
260142
106595
479219
711835
866005
58555
274462
374574
945020
660033
150869
532831
63148
80380
10125
683861
593148
320508
658732
456486
392771
617683
351066
21744
387029
582492
109305
722456
539547
888677
321871
331032
570242
725330
702595
477756
615347
270738
141599
98765
587564
118043
444868
675903
254975
894328
559581
501408
871103
539111
418251
622887
594849
778723
581248
801553
142508
105271
139902
937443
458290
122685
905774
845176
285803
696817
301221
951809
307625
194363
666325
578408
402786
667748
553763
540904
14430
206132
558966
413936
897414
346625
735707
318777
332393
463770
798207
895922
214313
110520
599520
605955
175754
899892
453807
700020
805569
155995
142975
463250
10739
998167
183671
810034
630223
766683
971781
867499
738561
726834
988164
85681
721705
126192
355342
479978
571539
416549
242687
261202
563120
510049
718681
836222
897906
210306
227534
985450
850591
372656
116538
422471
856200
601420
329548
602258
287263
786729
764823
571921
697980
621829
185963
159425
564763
914686
438775
247262
111117
699322
552960
612449
166996
45041
869506
838178
211867
826203
828659
757873
306573
661419
984472
100611
491021
195137
323926
921432
454932
856056
556099
698942
119355
755819
694227
849064
517791
509124
655371
4901
803977
985290
988519
723340
835378
399067
96958
435214
2277
696588
412155
715632
41241
416019
883438
526837
637857
127521
594862
952377
455648
886539
189207
506331
514190
345824
99341
4955
163895
448990
328866
765322
23687
275594
86627
553133
17814
222402
170403
216454
997340
633887
123075
592274
790280
630043
834898
436830
686241
785856
312625
369917
224055
392451
854044
381971
857329
755906
766014
376339
737800
675774
126294
630890
263684
726937
55116
928886
796837
70232
961132
44203
948692
744474
836361
962816
900901
969600
994056
435886
911400
446951
283354
231084
833317
547492
208639
62563
986078
796649
375365
194382
378274
573471
876188
626005
612557
237076
531046
849402
780193
911048
215385
737432
664845
437301
620178
673236
783472
954791
46691
702941
650622
743852
37899
749775
377773
83835
602644
740613
66304
482941
45129
491786
457459
405305
780128
632437
986887
204762
718183
145262
648023
938922
466255
593942
849894
439353
392654
535445
899745
626861
475601
98507
409710
645570
458572
748359
30434
846495
171501
364082
52792
610239
139605
808230
69194
586165
796821
630138
592437
349382
436741
998539
583536
591261
582944
796594
929966
949387
592083
262251
997457
81918
964769
757898
629674
697843
651040
515222
58408
180056
417380
465576
764858
446555
10886
949852
626495
536273
535977
756649
880794
907210
492056
310943
852832
566150
626542
25997
989368
653572
887907
50012
63639
739135
194951
906577
167210
286253
770436
836026
341622
94252
404298
616560
627829
290205
878777
903283
516980
60727
80137
975156
983301
424548
592193
281350
473211
115313
318350
646224
166915
515017
771976
686367
751661
245297
682794
41699
605914
923065
618933
628455
982817
250211
248684
916060
164661
978903
46973
156913
376342
477701
367234
401226
132358
147654
307379
236692
368542
500522
500220
340114
86956
271954
992327
796026
642379
660883
70534
917604
226294
611508
638342
620943
240367
735775
61973
745496
65834
260858
398465
296017
10023
828190
369665
973988
944320
889211
52584
289494
740099
178540
602516
882460
216787
766795
673835
300000
731898
67987
277464
140920
865471
589872
437054
603578
312906
220703
317911
288573
27740
444570
306406
685316
742614
245601
102170
439124
229079
774701
823021
712420
492952
935562
656742
314026
464863
838309
805702
863049
615174
443096
940265
572611
353631
203107
679841
367804
236239
642680
560780
741490
518720
124685
107885
556396
683172
495131
180239
666486
648744
248507
883959
387641
261075
220497
616271
359543
289454
516309
436190
734638
703348
306258
670504
63407
987412
3647
64650
832995
273029
150535
270521
400992
290566
922282
498632
492173
673746
499556
462451
931240
708065
676551
983902
999311
29261
157812
24152
139789
919561
338271
31339
511914
941654
578611
471012
177042
476152
829863
632320
360779
75544
451517
252429
453675
717268
871940
745880
545314
890915
674834
275374
374260
76705
330831
515820
484599
219694
318344
454779
679827
957990
410263
82830
140772
668325
359486
609593
116445
836577
269519
106213
329488
721213
284502
330025
666192
942540
998366
779833
490795
736430
396242
270237
714365
5592
880661
679461
586963
801035
953806
969110
764742
919922
768297
821273
646218
327817
254511
8993
101220
842707
391335
503304
939323
602711
589943
557788
83057
123484
539134
228228
458877
312441
359331
114995
206149
557725
323105
10285
672054
525894
144870
542209
499830
583446
732628
884826
559318
513711
532268
233478
788157
650669
326385
210130
326240
403448
451518
805202
338045
911192
859595
865993
505529
254285
747806
133258
196811
845996
360507
346570
289960
825271
194223
661168
284062
897724
289483
502967
24974
948913
655715
546189
265176
945137
297955
58090
707268
892913
902815
286198
291539
359775
2013
617375
447954
697408
104966
439519
246134
326714
206593
391520
663736
543281
234803
380307
479761
929317
283382
215007
276433
826632
404848
995301
988870
909670
650218
645545
610145
87754
243257
509348
690666
999472
307959
730129
285050
991783
602669
674343
822086
239149
475176
299593
796709
916411
601991
928368
706063
122356
448179
481006
977307
939738
638314
276222
719498
478310
191709
938636
335406
808847
374429
941926
450951
77902
296788
405425
234169
135168
714544
593888
780052
20610
342875
838310
529414
978243
959602
51256
37395
729958
393654
535959
568655
190989
981657
497939
690172
324058
295088
770639
783774
648285
227000
871302
130489
759221
868773
920678
248762
804899
465413
971864
768403
298883
735328
214023
281766
104811
905388
307334
204644
52352
55804
764054
528487
22038
419067
331794
81770
631856
200148
486596
210815
142864
197246
860987
575286
327657
604529
546124
603025
291075
667471
360930
999539
126462
78411
626916
994705
960922
928668
541313
735445
882990
458125
863901
904571
642600
393685
237931
961969
474614
555146
862143
769089
338955
699708
641321
516085
26900
669802
529420
759446
78669
734342
854519
749943
609864
829415
52660
24129
955827
974978
133978
972906
220161
368713
728165
719419
282173
555075
104283
708523
61286
446445
829307
104629
164989
907659
819848
924763
493750
545789
357750
656944
374909
861676
498507
303382
32125
952349
897433
277020
349913
964294
83400
494896
210232
860619
133692
758781
296852
81035
517948
782480
188834
367715
910087
155258
611050
166132
535850
898142
427139
919564
349791
949264
809601
54707
775358
271910
211909
290784
134240
789505
732449
394373
21178
654964
983433
854517
593099
928016
624351
518086
613942
70180
339753
519522
936666
485564
430245
853048
591367
507209
853300
830225
856539
210116
644973
259151
775980
860559
570453
959708
429388
54256
894630
794192
317900
554647
452864
259899
909351
955653
10356
119644
31910
46424
98587
696066
133333
152945
850113
765512
275602
235818
339357
858616
895546
603320
18119
661648
480903
978798
272802
810923
946702
667583
234558
262988
134598
20109
871846
875583
82145
13722
310004
121740
424477
617755
266273
403087
40110
505313
677803
774004
884959
823611
774901
32071
414507
825547
61418
968273
554059
124595
420964
952994
784556
821865
587213
190351
5918
851989
555743
222178
153300
270608
169276
108851
48501
304510
281311
485737
639600
173101
411778
539214
83998
310478
964884
893523
434203
200689
640451
65798
39033
114843
649033
108657
479462
10818
864890
128073
794216
118137
322344
600633
906322
999053
16454
353002
651353
570881
376053
520570
770496
965710
496984
271975
928212
781417
529784
79477
78008
159733
215316
968081
143998
744263
555572
377194
818035
648154
458896
952248
212067
560245
611361
254126
47277
848576
467195
658582
928108
555467
290032
416194
54836
614675
358676
73334
654028
663918
602386
506470
748280
480883
825727
921303
760454
735830
777813
203899
608458
957094
150262
956034
114063
998343
603623
708352
571086
953840
739026
967166
927810
485769
607280
428070
191003
480353
827528
314071
151212
256990
681289
163895
428722
578909
681646
765172
6206
996685
84828
843682
579998
308235
657458
983930
901259
990847
698668
163291
378855
812219
698046
953657
713143
790455
602355
933977
897538
443316
958773
752703
28374
127134
921258
475086
146775
730576
386659
164319
128949
250792
452234
924565
377205
760504
387991
42036
519855
274781
881970
378299
399885
145444
579987
453376
761732
217512
655342
803032
347614
762911
834761
216271
585330
319668
164899
235615
785201
374770
836873
181678
911003
411718
500389
965606
654071
964524
776792
716732
634242
340346
576526
302255
360294
852142
601054
94318
211101
75974
328284
87767
258624
439180
810341
472371
893364
551214
90759
160698
136263
166113
470810
509621
57319
157097
56943
94943
298456
222300
138763
765998
439282
887492
68777
549298
48096
491746
655316
886834
750805
1687
944342
538741
64576
24290
984383
252301
715177
93963
673846
424302
859490
151308
475539
103414
369024
385451
740653
709610
381237
41180
145678
488750
289637
125157
603892
25066
747898
864317
301525
995200
557135
296376
964407
532553
753136
700238
62032
228839
203188
171081
375374
637266
181472
824643
374895
824734
564848
452044
110555
749016
321327
818268
734781
621458
519853
741671
502995
936883
317496
293985
787831
207199
339112
416063
311006
1168
595839
798385
29950
288344
758094
503459
802935
899116
84209
32275
551262
141431
988603
455188
929506
233426
132969
236783
638359
597766
164190
114046
309239
295484
556184
825571
703591
148726
426406
454758
723569
269291
798196
833920
533647
456954
738065
431240
361552
126952
810787
653710
272714
689002
771667
107050
346030
201379
955043
431141
434263
416706
305290
510065
69408
539894
919722
138717
754957
481472
325568
38308
285702
855013
400471
647972
642029
34681
538976
859759
513375
112739
93706
683704
346781
327855
442085
369681
12344
546395
159472
893207
371979
391070
57230
665308
396701
659227
851670
588436
588386
805718
766601
753187
976443
159455
344104
844723
519487
28409
21667
621087
419239
803121
420346
661385
400605
245222
292911
355286
363252
26995
405123
864207
514198
663914
768222
973834
185356
376952
442958
534908
540495
808030
512875
721448
333174
734502
475071
398548
940486
567923
806774
987554
45342
2736
777116
797423
940927
232843
923481
108510
187555
480589
656464
205376
803659
157307
280183
175854
351747
53031
569772
889279
474688
153830
427878
440808
859745
547173
930998
930990
256807
843665
905196
817886
975755
787413
14701
476111
160421
742012
574223
476319
700168
256992
947278
363712
752805
236545
304996
398592
549195
35208
241395
270395
35546
110479
804373
919149
970905
451432
537987
73215
200788
546568
845494
632049
559895
871330
77264
747901
255961
715486
112473
999100
595525
35564
679694
546121
995593
506461
385419
575387
129629
417848
320541
469027
296465
13434
104188
131613
303169
212640
692661
851903
893079
297738
653621
680869
494058
913297
558278
836189
848126
74091
878102
970470
950366
677646
207037
820323
602877
680487
907326
667789
334205
499871
549230
561764
525863
994738
61224
987866
269285
631155
837573
181970
509937
927113
394449
535121
64322
858673
415656
873926
768129
783531
909425
864131
56575
107916
440513
981359
522731
33372
30301
791457
875103
643279
465914
757937
763177
211751
873913
233037
616902
376263
179391
722571
816786
919785
27686
251750
338311
996912
688524
185202
959570
449006
686428
450143
382458
143311
504248
403606
85769
150628
2689
673713
431304
284513
715041
601088
330360
186442
367104
640393
473807
793611
864362
50490
244370
839356
751806
838107
885780
870714
773891
163448
804892
725443
724357
518863
472180
468572
610018
214524
658134
52066
89606
377835
870350
600346
431058
622185
486515
807112
757058
262668
994120
818298
419901
461170
684489
70781
517379
491609
229639
973620
149812
835027
297280
709138
369931
533813
934612
10514
904487
428727
570232
2480
928433
52471
929638
872343
648565
587078
471768
270939
307555
413191
181693
897348
53054
254481
81240
920782
889373
394987
940332
483632
63563
387568
207729
985052
525711
618125
428873
816153
982008
877639
114896
513807
33475
755797
294514
150266
338950
42359
714887
989698
241014
115159
118369
199900
76246
109898
947866
343689
669718
38681
138711
52234
96745
598812
705960
606854
139722
744441
669744
495911
491004
35849
401954
475021
909278
370550
146672
315540
843720
574797
596726
141844
208887
274885
269422
697297
260096
148000
179398
814996
794359
897583
340692
756391
239292
244501
643337
350803
241063
142174
285187
699090
356487
910144
883847
359031
214251
150056
728012
387148
469953
246424
228583
79768
309705
949319
343153
272872
617969
467391
812079
382340
53679
259709
2200
869333
484198
70827
953716
491694
19036
160716
380916
431192
267707
389700
140453
195471
934938
611335
811009
811993
250498
309914
15621
61647
219189
577911
307170
898403
948172
934852
377756
146299
882992
575897
631998
255924
144831
254352
150994
881696
605110
990679
448096
26512
951379
138948
613888
506527
288586
570868
33796
404600
253721
649398
935755
623197
655576
389326
997703
804598
945851
823006
325798
901965
810379
421231
326193
672362
867047
483367
415595
63472
324493
853617
15138
479393
438890
841103
850684
976854
100237
416949
560660
673851
988229
570339
290885
266568
942786
776880
305896
89889
659675
358602
253962
142886
547225
216883
1980
365588
149171
119132
451079
982519
740054
916396
745403
836273
85873
349764
42929
405048
578097
2973
342609
956786
267992
773620
438288
408644
145548
560795
62465
973976
28081
43009
318730
638474
278520
407948
186896
362996
371684
886884
248728
636427
892172
659293
61729
231610
403876
822846
70798
871545
278011
933908
635317
173847
908058
997686
681053
561645
833877
510835
303551
603720
397110
362763
457964
476552
193620
539330
789448
957710
122772
415434
612322
228565
222861
161841
937653
150694
181852
620631
646097
45602
193604
869438
635921
760561
6226
894648
976482
435437
647895
782185
403855
699368
869116
82534
578267
739404
577364
767164
800957
582243
792162
875688
371277
658415
332710
362906
225905
911061
87835
667368
137980
939707
990226
792704
411701
638859
372539
604901
405491
899404
533388
742351
540606
266111
904350
134150
643957
178626
657270
734765
341031
784333
128580
262578
203119
996916
143276
829330
93107
984023
297047
38184
611123
561487
721513
889268
513958
125456
261748
442395
544782
16834
405737
458599
897548
812230
199661
611123
245790
101113
197584
355966
645341
181281
674091
637831
363113
375940
889626
506694
594074
477757
120958
650963
349100
206362
772167
445991
926007
513313
436340
16074
293037
473304
903137
991195
737657
799301
926966
795499
666068
753052
331966
715732
241979
711788
619716
610601
611964
441851
609333
429265
856084
600456
16254
201373
562994
51525
266099
197146
130035
687433
239764
511904
435849
558812
506644
987614
879134
781172
759429
294370
463640
20808
533981
315096
406018
132030
156050
82990
617427
981835
354088
704246
505889
320487
329149
924788
35929
503069
513815
556087
551707
445179
186644
879831
90197
327985
257932
991818
213164
349652
173696
267388
329434
539728
832175
179199
635393
85860
367004
527462
772270
916710
20817
615770
707012
995587
787243
456817
363067
46817
242971
423043
53430
970069
507558
15962
972947
953912
200322
544614
101129
790417
265342
301859
203842
694904
206582
8422
139351
552758
733908
23376
760954
937796
609573
521855
46123
936801
647489
75744
199304
192133
900888
153505
430456
465822
418489
552223
912679
282297
690349
861003
214237
126803
329139
1306
870068
577376
60644
9311
378121
896853
582050
70196
197396
756093
697862
457691
929976
19551
209898
540629
272139
957158
149817
764164
418633
64504
900254
518405
791180
872365
70571
298448
183040
462175
177947
490424
16590
524535
663057
236082
422692
83322
710341
748210
690869
480253
20156
317378
747029
790329
145245
795258
159275
644923
214196
81325
153933
925942
75484
968800
263904
901140
826087
433952
369973
319332
969834
116958
634972
305204
265449
840831
60339
319096
212812
29494
706009
678209
45763
533895
250262
183816
691943
152366
564355
697241
713388
332328
860381
838192
575724
764775
607552
477967
844722
629807
845986
722265
469712
645771
93895
649897
26744
654574
105990
590222
285068
357240
519493
100761
911859
468665
455111
797594
633055
702219
730884
471203
853080
871466
489235
654275
244472
15627
200707
902219
597205
212975
179912
989620
692999
131617
910230
297100
332032
676912
194249
162849
633540
900939
612903
50299
336182
886372
249908
883512
858067
560559
390866
89445
665805
393427
765116
879147
344286
999034
659049
893098
696014
103891
69993
11058
431693
622408
927513
298560
909458
24643
48262
63779
714948
18426
159472
295623
446973
676960
21356
885454
957754
862379
992666
564287
55747
646403
332817
196153
88197
967830
960961
614984
206665
454741
711003
775746
491151
271102
150960
674125
640644
625442
789910
965971
67811
766463
132199
440425
426532
712691
446950
883499
928638
47546
525208
288152
97797
533363
840290
899570
203151
538910
924167
113452
461774
132050
412164
770747
599378
894640
26389
14323
74015
263845
529275
71461
466384
134559
697213
589006
411016
187373
70275
702468
155994
631105
726987
989564
174626
510938
941011
857560
219696
878763
683202
289160
767031
875654
464618
124815
733839
335298
974720
295024
24106
543555
363562
412289
660945
521545
895480
543069
822833
868925
10742
321033
122772
614265
8492
602647
421823
767219
128870
835624
976575
940239
342296
582454
583295
880596
468522
716000
317264
77074
856249
791319
686334
63922
673059
869699
270994
645200
859676
111100
19383
752358
285434
904343
665647
469422
761897
484422
805696
150116
380285
635518
985745
542741
431946
373003
273064
814077
121237
186137
59773
907618
492806
334022
362262
581050
69197
746671
686590
379170
838179
541352
842468
764471
171000
62190
999716
583469
554694
355968
98269
251040
738009
84302
147445
457994
25569
624287
423912
163736
60825
863606
309432
312777
801168
299190
44929
481171
395363
431370
324381
335455
293085
692104
338008
955294
814188
660680
338928
655045
998134
640821
617508
963280
769831
953285
639230
814478
418315
664468
277605
828299
179299
911877
705826
312040
338264
709939
319499
561121
491540
433827
905650
133256
731075
305563
427318
681549
842739
787012
182151
152121
314628
630869
637214
439564
761316
25531
795998
927577
681796
521632
339843
290107
328033
808910
579400
603334
337659
297505
479761
844192
325858
400216
489109
27538
426294
994781
270712
432672
131995
456363
842697
20718
962575
463272
591456
184190
751957
684455
556555
276701
116382
75451
890721
837861
658023
907641
465883
480892
391458
802235
547091
935602
372792
913133
764762
102367
286414
954370
814502
807411
391740
251346
814619
336475
75133
767864
494713
985633
747985
983832
12003
981837
652602
991211
319795
687797
622920
894744
144143
44981
673373
262763
758362
952186
95180
838687
738702
162237
299679
535281
988737
851606
31138
97477
886467
890631
96964
438032
148630
583553
986533
105258
178898
281394
850187
590461
148540
620432
131213
489962
7845
817939
784324
761533
527631
42899
508644
524038
345149
268138
118669
716812
851659
539404
623131
871061
463468
337600
232765
89489
747715
57524
538089
529668
384006
922581
800720
389072
656265
224178
70949
503356
975413
17119
350543
949902
251589
400403
808372
521140
231701
493209
138652
21279
802518
841750
237108
666752
383584
812102
599682
727760
359609
743523
980193
83284
802494
988456
177452
68307
614889
107496
769991
269891
641692
923003
778630
438075
75015
587789
253525
85168
1080
307582
244034
276953
44849
94569
283395
670879
185654
437170
249160
269046
137301
609066
657571
721277
428277
366758
717643
438207
133824
284239
518490
386161
804898
982381
724251
893467
836015
895039
109344
584724
868910
891374
406403
361487
406191
188700
169638
69059
474781
80027
990627
225930
298901
326086
870183
32193
720365
737789
495515
512926
385077
223686
432989
863610
527502
4146
969804
963475
37673
808441
795049
257236
312523
206105
859519
305988
998535
87976
977068
341179
531171
246241
810994
293978
412295
575545
883516
434377
645696
263860
63642
344662
778780
861379
591651
565772
954558
474365
637093
549517
481954
795787
460673
189976
115240
438322
626967
12540
532921
426247
273367
428330
166596
723056
702767
555630
11558
961468
311099
671904
77211
179129
403072
894980
944889
717412
710910
240457
758307
663105
316403
499952
435102
298581
371850
630099
251460
323361
155268
156658
233058
333968
809377
590714
910159
857355
149512
551043
889959
627666
637077
411090
354888
915310
983912
438214
40000
504154
574558
291315
333677
395030
987998
837293
804224
592180
765781
533836
13819
529747
592074
777273
708742
834747
283535
578158
210877
714117
356985
152124
353470
919755
896767
620121
979955
896802
572012
718804
424142
510766
817588
75308
902034
97432
267602
112719
258207
780959
530749
532807
485293
589063
310421
192736
714707
176014
594757
637812
995654
611067
771634
383144
833011
797196
975289
691271
75556
605873
248819
510493
871511
289229
184854
449173
37166
859988
691884
732872
436080
185017
372932
940875
776069
458355
68184
559030
106803
884928
609798
331985
600066
544449
349055
595542
463508
329558
122484
858481
972206
77111
997511
890028
860172
192892
360577
493629
854837
433843
45961
791214
752288
452480
225610
720524
8158
939632
179759
44991
804410
33016
596517
464863
593285
128055
553243
880745
738710
148483
118019
830922
550505
29575
809167
382685
801128
953981
830820
952685
89593
978225
909958
378300
210127
571540
472463
381225
631724
222747
180909
173004
533756
955827
978261
697421
14541
838207
701083
208738
335372
324842
39606
237157
563576
9030
728390
954028
349625
327778
759450
403264
892384
827072
427951
603560
159351
742421
940097
7114
325295
165877
680323
649257
935321
322876
613257
100699
406041
740277
528377
131179
328983
945591
448426
959014
803809
236139
821379
2283
23662
142665
697910
470558
651710
118853
596453
605319
804670
524194
728518
319198
977920
21152
305715
921348
927721
991695
532288
393267
69127
384397
76267
81373
812921
818754
868260
646668
293209
844376
300203
688486
585145
436950
44146
883015
606577
231549
931958
608283
403408
354397
177409
506894
677017
101794
42328
35118
480414
934407
211460
748297
786149
699526
237024
146205
548844
438602
649197
696595
416980
440714
8739
153338
515419
681298
662838
929938
961831
802823
274570
273656
407575
37976
147761
45704
916141
530650
976662
734418
30706
656433
160147
259157
165415
995301
866962
114332
898433
854610
492262
64471
932764
308228
292435
863749
820332
352776
470307
372592
512260
416104
538773
994077
920812
635161
770509
226939
325682
41054
976050
462133
644328
557222
45276
355620
436923
81872
822935
352834
