172
249
278
462
568
892
1080
1168
1271
1306
1610
1612
1669
1687
1980
2013
2097
2159
2200
2277
2283
2480
2556
2617
2627
2689
2736
2863
2973
3094
3312
3316
3387
3647
3814
3975
4016
4069
4146
4179
4400
4781
4901
4908
4955
5166
5561
5592
5824
5887
5918
5948
6206
6208
6226
6429
6474
6509
6926
6926
7019
7114
7206
7269
7275
7335
7492
7497
7708
7845
8158
8208
8245
8422
8438
8492
8585
8739
8826
8978
8993
9030
9161
9263
9311
9391
9433
9786
9786
10023
10125
10205
10285
10356
10443
10456
10480
10514
10648
10666
10669
10738
10739
10742
10788
10802
10808
10818
10886
10889
11058
11062
11067
11163
11454
11486
11496
11558
11560
11709
12003
12114
12344
12540
12572
12921
13008
13091
13342
13434
13463
13478
13495
13640
13643
13689
13722
13819
13923
13990
14036
14323
14430
14476
14541
14541
14541
14701
14855
14921
15138
15440
15572
15585
15604
15614
15621
15627
15718
15931
15962
16047
16074
16254
16429
16454
16543
16588
16590
16686
16834
16900
16905
16909
17119
17253
17533
17601
17621
17758
17814
18119
18426
18846
19036
19082
19239
19279
19333
19383
19533
19551
19674
19902
20109
20156
20388
20610
20712
20718
20808
20817
20828
20854
20977
21152
21178
21279
21304
21356
21461
21617
21667
21744
21803
21866
21916
22038
22042
22217
22270
22411
22582
22946
23300
23337
23376
23399
23552
23558
23578
23662
23687
24106
24116
24129
24138
24152
24215
24290
24293
24497
24571
24643
24974
24999
25037
25059
25066
25366
25531
25569
25578
25839
25853
25997
26001
26018
26082
26101
26105
26308
26335
26389
26512
26744
26900
26995
27058
27202
27204
27227
27317
27367
27538
27686
27740
27818
27953
28002
28081
28087
28282
28374
28397
28409
28647
28664
28748
29021
29261
29299
29315
29446
29494
29568
29575
29607
29786
29950
30019
30138
30138
30301
30434
30644
30706
30805
31138
31201
31248
31309
31339
31394
31416
31422
31545
31683
31842
31861
31910
31940
32071
32103
32125
32193
32217
32275
32366
32415
32515
32788
32877
33016
33207
33272
33372
33475
33574
33625
33746
33785
33796
33960
33964
34191
34227
34276
34336
34384
34438
34485
34556
34557
34565
34625
34681
35118
35208
35212
35346
35436
35465
35546
35564
35567
35732
35849
35929
36114
36378
36541
36565
36706
36848
36877
37016
37166
37223
37345
37395
37532
37673
37826
37899
37950
37976
38010
38184
38239
38263
38276
38308
38309
38414
38588
38664
38681
39012
39013
39033
39034
39207
39254
39262
39606
39619
39900
40000
40039
40044
40079
40110
40121
40195
40476
40542
40555
40741
40747
40874
41002
41054
41180
41241
41699
41993
42008
42036
42111
42112
42162
42212
42252
42328
42359
42425
42899
42917
42923
42929
42931
42965
43009
43196
43300
43589
43932
43981
43994
44081
44146
44203
44798
44849
44929
44943
44981
44991
45041
45129
45276
45342
45499
45602
45704
45763
45811
45961
46045
46123
46182
46337
46424
46691
46817
46973
47205
47277
47334
47411
47546
47562
47650
47995
48003
48096
48225
48262
48377
48501
48538
48665
48681
48833
48945
48989
49561
49673
49708
49713
49889
50012
50090
50172
50272
50299
50490
50512
50570
50594
50658
50722
50773
50869
50958
51100
51256
51432
51525
52066
52200
52234
52330
52352
52374
52471
52584
52660
52789
52792
52812
53030
53031
53054
53127
53148
53364
53430
53564
53679
54181
54256
54343
54449
54490
54506
54621
54668
54707
54758
54836
55116
55247
55326
55465
55747
55804
56300
56309
56341
56575
56775
56840
56895
56917
56926
56943
57230
57238
57319
57383
57524
57621
57632
58090
58257
58280
58335
58383
58400
58408
58555
58653
58714
58817
59051
59129
59268
59395
59640
59760
59773
59786
59935
59974
60048
60135
60141
60186
60290
60339
60357
60560
60644
60727
60747
60771
60781
60825
60972
61174
61224
61286
61418
61515
61647
61721
61729
61973
62032
62168
62190
62296
62371
62382
62422
62465
62563
62587
62714
63033
63102
63148
63222
63327
63340
63407
63472
63527
63563
63639
63642
63665
63779
63810
63818
63844
63858
63900
63922
64027
64034
64045
64322
64471
64504
64541
64576
64650
64689
64820
64865
64887
65240
65241
65360
65432
65615
65616
65664
65705
65798
65808
65834
66041
66101
66179
66252
66304
66486
66682
66733
66911
66978
67321
67371
67421
67649
67811
67822
67923
67987
68029
68184
68307
68420
68637
68777
69059
69076
69121
69127
69194
69197
69263
69307
69362
69408
69550
69761
69805
69841
69993
70153
70180
70196
70229
70232
70275
70319
70407
70493
70534
70571
70589
70781
70798
70827
70876
70949
71125
71295
71335
71461
71832
71953
72024
72450
72455
72484
72635
72811
73154
73215
73318
73321
73334
73471
73577
73727
73966
74015
74091
74114
74188
74227
74397
74450
74466
74472
74488
74639
74707
74723
74766
74850
74916
75015
75081
75087
75133
75308
75451
75484
75544
75556
75587
75744
75784
75857
75974
76246
76267
76304
76385
76552
76705
76705
76865
76954
77074
77111
77141
77211
77264
77398
77718
77899
77902
77950
77965
77972
78008
78056
78142
78244
78411
78445
78457
78634
78669
78819
78956
79227
79242
79477
79551
79647
79768
79907
79944
80027
80137
80181
80268
80285
80380
80543
80705
80874
81035
81212
81233
81240
81325
81373
81428
81770
81868
81872
81918
81918
82145
82168
82204
82287
82369
82512
82534
82830
82919
82960
82990
83057
83059
83092
83095
83166
83209
83225
83284
83322
83388
83400
83512
83539
83628
83634
83769
83835
83998
84172
84193
84209
84302
84437
84477
84613
84647
84723
84726
84828
84902
84930
85168
85285
85471
85681
85769
85860
85866
85873
85956
86394
86507
86627
86847
86900
86956
87132
87140
87358
87581
87695
87754
87767
87799
87835
87943
87976
88136
88197
88343
88399
88449
88475
88704
88715
88718
88782
88955
89023
89175
89296
89362
89445
89489
89593
89606
89626
89847
89873
89889
90031
90147
90197
90359
90493
90543
90692
90696
90742
90759
90990
91010
91203
91311
91319
91377
91934
91936
92009
92216
92547
92560
92575
92657
92688
92724
92737
92766
92894
92947
93025
93107
93117
93139
93162
93175
93334
93518
93652
93689
93706
93895
93963
94181
94252
94318
94319
94352
94466
94478
94569
94579
94599
94631
94631
94917
94943
95180
95280
95316
95409
95504
95582
95585
95655
95792
95921
96316
96745
96772
96891
96924
96958
96964
97218
97299
97432
97439
97477
97490
97565
97629
97797
97890
97936
98132
98269
98276
98342
98491
98507
98587
98765
99045
99084
99107
99171
99198
99203
99248
99341
100105
100237
100323
100357
100368
100382
100427
100611
100688
100699
100738
100761
101113
101129
101132
101220
101280
101761
101794
101814
101900
101981
102039
102170
102265
102293
102367
102546
102842
102943
103007
103066
103405
103406
103414
103815
103828
103891
104155
104188
104283
104422
104541
104629
104690
104804
104811
104825
104966
105091
105258
105271
105389
105682
105990
106073
106185
106213
106490
106595
106617
106803
106810
106891
106970
107050
107092
107113
107159
107169
107259
107260
107467
107480
107496
107574
107684
107885
107916
108017
108131
108414
108510
108657
108808
108851
108931
109091
109150
109223
109305
109336
109344
109661
109685
109898
109905
110074
110109
110197
110213
110276
110280
110294
110349
110433
110479
110508
110520
110555
110588
110617
110670
110929
110950
111100
111117
111192
111212
112058
112094
112433
112473
112665
112719
112739
112823
112845
112925
113286
113406
113452
113482
113633
113903
113984
114046
114063
114288
114298
114332
114369
114424
114575
114716
114811
114820
114843
114896
114986
114995
115109
115159
115240
115311
115313
115483
115500
115628
115660
115673
115787
115885
115906
115936
116016
116045
116188
116248
116307
116382
116432
116445
116481
116538
116663
116942
116958
117028
117280
117304
117576
117717
117799
117951
118019
118043
118090
118137
118369
118431
118669
118706
118731
118816
118849
118853
118934
119132
119355
119405
119574
119644
119831
120047
120271
120417
120550
120665
120689
120700
120798
120948
120958
121017
121032
121040
121055
121237
121318
121372
121423
121452
121732
121740
121918
122023
122120
122235
122328
122356
122484
122590
122650
122685
122772
122772
122808
122838
123075
123184
123406
123411
123484
123642
123670
124047
124249
124470
124595
124685
124815
124823
124907
125157
125166
125278
125344
125456
125585
126098
126146
126167
126192
126193
126294
126414
126462
126687
126697
126803
126814
126848
126932
126952
127023
127134
127227
127521
127569
127599
128055
128073
128170
128196
128276
128419
128561
128580
128637
128835
128857
128870
128897
128949
129025
129158
129159
129172
129270
129342
129465
129629
129947
130035
130400
130489
131060
131179
131213
131347
131499
131613
131614
131617
131995
131995
132030
132050
132199
132301
132358
132387
132393
132398
132487
132490
132821
132969
133117
133124
133161
133256
133258
133333
133345
133389
133540
133573
133692
133824
133978
134121
134150
134154
134164
134240
134271
134543
134547
134559
134560
134598
134800
134986
135079
135168
135177
135287
135371
135487
135493
135716
135810
135865
136126
136263
136332
136424
136563
136738
136816
137286
137301
137772
137884
137950
137980
138028
138133
138337
138481
138627
138652
138711
138717
138737
138763
138948
139170
139187
139351
139395
139560
139605
139625
139722
139726
139789
139902
140132
140148
140156
140453
140584
140772
140876
140920
141401
141431
141525
141588
141599
141628
141698
141844
141873
141983
142112
142174
142212
142459
142506
142508
142665
142716
142864
142886
142950
142975
142976
143037
143064
143181
143276
143295
143311
143400
143504
143532
143561
143575
143635
143669
143758
143759
143826
143998
144102
144143
144476
144499
144613
144663
144699
144819
144831
144870
145018
145245
145262
145293
145388
145444
145548
145678
145702
145777
146109
146205
146299
146487
146560
146672
146775
147020
147146
147172
147243
147445
147469
147654
147710
147761
147793
147979
148000
148022
148083
148145
148472
148483
148538
148540
148630
148726
148973
149128
149171
149320
149444
149512
149812
149817
149853
150051
150056
150116
150118
150189
150262
150266
150300
150358
150462
150535
150628
150678
150694
150869
150883
150954
150960
150994
151054
151212
151308
151406
151453
151491
151799
151868
151927
152079
152121
152124
152298
152366
152822
152945
152967
153134
153144
153144
153145
153300
153338
153498
153505
153637
153711
153830
153933
154241
154612
154654
154710
154805
155046
155151
155174
155258
155268
155271
155427
155696
155954
155994
155995
156048
156050
156658
156786
156901
156913
156957
157097
157139
157217
157307
157504
157541
157765
157812
158158
158303
158447
158554
158642
158930
159025
159041
159123
159275
159351
159351
159370
159407
159425
159433
159455
159472
159472
159612
159733
159965
160147
160251
160421
160511
160585
160608
160690
160698
160716
160891
161184
161199
161388
161503
161739
161841
162170
162237
162301
162537
162573
162849
163023
163056
163107
163291
163414
163448
163551
163736
163895
163895
164190
164205
164319
164527
164661
164899
164989
165130
165368
165415
165736
165877
165934
165937
165966
166113
166132
166182
166195
166240
166569
166573
166596
166747
166915
166996
167067
167129
167210
167225
167317
167318
167356
167371
167419
167569
167593
167617
167728
168292
168419
168507
168618
169084
169231
169276
169351
169354
169490
169638
169717
169733
169763
169933
170010
170260
170261
170403
170542
170549
170563
171000
171038
171081
171119
171501
171540
171733
171947
172459
172487
172561
172604
172783
172786
173004
173007
173101
173236
173306
173393
173696
173756
173808
173847
173886
174052
174196
174374
174392
174626
174759
174878
174897
174978
175176
175309
175488
175754
175854
176014
176025
176605
176653
176772
177042
177124
177280
177409
177452
177542
177630
177652
177947
177961
178055
178540
178626
178692
178737
178770
178878
178896
178898
179129
179134
179199
179233
179299
179391
179398
179414
179493
179704
179759
179912
179970
179974
180014
180056
180091
180239
180316
180331
180540
180555
180823
180909
180923
180928
181132
181134
181281
181317
181472
181633
181678
181693
181719
181852
181905
181970
181970
182067
182151
182199
182212
182236
182328
182570
182603
182750
182975
182993
183040
183181
183671
183691
183696
183700
183803
183816
183822
183970
184058
184083
184084
184190
184437
184643
184742
184816
184854
184904
184924
184974
184986
184988
185017
185029
185202
185348
185356
185378
185654
185773
185963
186137
186137
186154
186172
186272
186419
186442
186529
186644
186719
186782
186819
186896
186948
187046
187063
187128
187373
187431
187555
187635
187929
188700
188834
189039
189207
189315
189536
189545
189679
189976
190074
190351
190437
190808
190929
190989
191003
191130
191169
191366
191587
191709
191723
191777
191905
192133
192492
192530
192575
192595
192604
192736
192892
193011
193127
193207
193216
193291
193379
193604
193620
193770
193808
193920
194019
194184
194214
194223
194249
194363
194382
194514
194548
194892
194923
194933
194951
195037
195067
195087
195137
195143
195166
195261
195304
195414
195471
195498
195703
195712
195720
195797
196010
196067
196103
196153
196301
196376
196379
196772
196811
196907
197126
197146
197179
197203
197246
197295
197384
197396
197486
197584
197744
197843
197945
198019
198585
199012
199183
199304
199327
199369
199382
199614
199661
199867
199900
199927
200108
200148
200322
200374
200441
200469
200689
200707
200788
200881
200896
201048
201099
201125
201221
201293
201314
201344
201373
201379
201511
201590
201699
201727
201756
201884
201887
201978
202402
202408
202425
202738
202797
203086
203107
203119
203151
203188
203704
203823
203842
203881
203899
203902
204060
204094
204335
204476
204644
204762
204870
205013
205115
205212
205376
205575
206105
206117
206132
206149
206362
206372
206476
206477
206582
206590
206593
206665
206805
207037
207092
207127
207199
207384
207729
207775
207873
207910
207929
207967
208018
208059
208099
208252
208274
208639
208738
208887
208900
208921
208947
209091
209099
209125
209177
209220
209251
209328
209412
209491
209581
209600
209819
209843
209898
209916
210116
210122
210127
210130
210232
210306
210340
210815
210873
210877
211062
211101
211116
211136
211349
211382
211460
211626
211751
211757
211806
211840
211854
211867
211909
212067
212211
212322
212563
212566
212580
212640
212648
212712
212751
212812
212837
212975
213042
213097
213146
213164
213281
213729
213780
213810
214023
214055
214107
214196
214237
214251
214301
214313
214386
214468
214494
214524
214822
214823
215007
215268
215316
215385
215474
215542
215560
215670
215797
215951
215984
216025
216263
216271
216396
216431
216454
216484
216538
216787
216883
217339
217366
217487
217512
217565
217597
217641
217693
217846
217849
218392
218679
218970
218991
219073
219094
219189
219372
219449
219694
219696
219750
219816
219967
220049
220161
220167
220291
220497
220515
220615
220648
220703
220876
221031
221051
221324
221606
221856
221905
221922
221980
222107
222151
222167
222178
222300
222307
222402
222579
222724
222747
222861
223060
223109
223493
223604
223642
223661
223686
223722
223895
223903
223987
224055
224073
224178
224372
224554
224597
225112
225126
225359
225610
225717
225863
225905
225930
226294
226322
226340
226365
226461
226617
226646
226939
226969
227000
227360
227432
227534
227556
227720
228074
228214
228228
228565
228583
228830
228839
228843
228997
229079
229552
229638
229639
229654
229812
230106
230294
230324
230574
231005
231059
231084
231103
231140
231146
231549
231610
231649
231701
231785
232327
232348
232451
232474
232583
232717
232737
232765
232843
233037
233058
233215
233312
233357
233426
233478
233604
233710
233730
233795
233947
233997
234169
234280
234355
234364
234396
234405
234558
234624
234791
234803
234908
234919
235163
235223
235298
235355
235413
235615
235643
235706
235714
235818
235904
236082
236139
236144
236176
236239
236295
236370
236444
236545
236692
236713
236721
236783
237024
237076
237108
237157
237359
237377
237512
237628
237691
237872
237881
237894
237931
237965
237991
238029
238893
238997
239149
239292
239339
239376
239491
239574
239764
239895
239986
240166
240232
240332
240350
240367
240457
240494
240585
240703
240841
241014
241028
241035
241037
241063
241173
241304
241395
241597
241686
241769
241979
242083
242237
242419
242567
242687
242922
242971
242983
243138
243257
243650
243680
243786
243877
244034
244074
244200
244370
244386
244472
244489
244501
244523
244710
244728
244836
244945
244952
244976
244977
245015
245152
245222
245297
245350
245359
245601
245707
245790
246069
246119
246121
246134
246164
246177
246241
246326
246424
246496
246588
246869
246918
246977
247262
247320
247677
247699
247799
247824
247878
247897
247934
247971
248476
248501
248507
248684
248728
248762
248804
248819
248970
249160
249253
249390
249484
249499
249715
249908
250112
250194
250211
250262
250361
250375
250412
250498
250633
250792
251040
251053
251120
251167
251251
251346
251460
251463
251589
251607
251663
251750
251987
252074
252101
252301
252418
252429
252759
252786
252812
252901
252983
253185
253375
253525
253641
253721
253872
253901
253962
254005
254065
254126
254285
254315
254352
254481
254511
254697
254975
255164
255345
255924
255961
256093
256273
256367
256403
256807
256990
256992
257119
257157
257175
257236
257242
257261
257674
257788
257932
257974
258053
258200
258207
258260
258486
258597
258624
258688
258692
258695
258708
258766
258895
259151
259157
259311
259709
259899
259917
260096
260142
260199
260266
260362
260494
260579
260701
260768
260798
260834
260858
260975
261075
261144
261202
261226
261320
261690
261748
261861
261894
262193
262197
262251
262314
262402
262463
262493
262578
262668
262763
262854
262868
262965
262988
263372
263552
263644
263684
263792
263802
263845
263860
263904
263923
264233
264500
264710
264786
264885
264975
265118
265176
265180
265317
265342
265342
265361
265449
265905
265947
266010
266060
266068
266099
266111
266130
266136
266151
266273
266514
266559
266568
266656
267069
267166
267182
267360
267367
267388
267578
267602
267707
267867
267937
267992
268138
268238
268245
268452
268493
268683
268742
268985
269046
269070
269079
269285
269291
269422
269518
269519
269698
269731
269826
269891
270120
270151
270237
270326
270374
270395
270521
270608
270712
270738
270939
270984
270994
271006
271102
271225
271236
271261
271298
271790
271910
271954
271975
272054
272139
272180
272629
272714
272802
272847
272872
272878
272987
273012
273029
273064
273367
273419
273455
273656
273732
273800
274462
274570
274661
274679
274781
274885
275068
275083
275143
275152
275184
275213
275374
275517
275594
275602
275931
276117
276222
276278
276417
276433
276495
276701
276907
276953
277020
277129
277464
277586
277605
277737
277767
277898
278011
278055
278059
278160
278170
278207
278520
278584
278637
278982
279131
279378
279509
279635
279732
279855
279954
280155
280172
280183
280310
280418
280570
280669
280815
280879
281311
281350
281351
281369
281394
281451
281648
281766
282006
282173
282297
282321
282524
282577
282642
282662
282860
283354
283382
283389
283395
283453
283535
283770
284004
284062
284238
284239
284422
284443
284477
284502
284513
284578
284580
284735
284858
284957
285015
285050
285068
285187
285361
285434
285449
285528
285702
285803
285898
285943
285976
286146
286198
286253
286278
286383
286411
286414
286436
286867
286907
287263
287392
287441
287538
287806
287879
287956
288027
288152
288154
288344
288472
288512
288573
288578
288586
288707
288940
289024
289069
289160
289190
289224
289229
289396
289454
289483
289494
289537
289582
289594
289637
289960
289982
290024
290032
290079
290107
290205
290209
290306
290511
290566
290630
290769
290784
290885
290948
291022
291030
291075
291204
291287
291315
291355
291377
291539
291675
291712
291724
291934
292097
292163
292278
292435
292571
292834
292884
292911
293029
293037
293085
293209
293670
293747
293975
293978
293985
294050
294152
294169
294225
294290
294316
294370
294514
294576
294610
294626
294639
294672
294714
294758
294900
295024
295088
295209
295377
295381
295417
295439
295484
295569
295623
295875
296017
296044
296192
296195
296376
296465
296788
296846
296852
296867
296885
296910
297047
297100
297122
297248
297280
297325
297505
297691
297738
297794
297857
297955
298128
298134
298239
298394
298448
298456
298560
298562
298581
298609
298622
298631
298656
298666
298669
298727
298883
298901
299065
299190
299316
299401
299593
299597
299679
299732
299752
299779
299822
299931
300000
300068
300203
300294
300306
300830
300866
300974
301184
301184
301221
301280
301360
301525
301597
301599
301724
301795
301828
301859
301881
302255
303009
303080
303140
303169
303243
303301
303382
303424
303432
303433
303551
303562
303779
303865
303890
304262
304288
304469
304472
304504
304507
304510
304587
304632
304683
304721
304769
304796
304818
304964
304996
305098
305152
305204
305290
305383
305462
305463
305563
305592
305715
305792
305896
305959
305988
306115
306258
306406
306442
306456
306565
306573
306584
306986
307170
307334
307379
307417
307518
307555
307582
307625
307755
307758
307785
307854
307922
307959
308031
308124
308204
308228
308235
308251
308268
308270
308294
308385
308461
308505
308594
309239
309432
309435
309443
309448
309705
309804
309914
310004
310085
310330
310362
310418
310421
310478
310529
310800
310934
310943
311006
311099
311273
311418
311504
311507
311584
311842
311988
312040
312138
312247
312266
312441
312513
312523
312572
312625
312738
312777
312906
312976
313060
313147
313340
313510
313530
313616
313675
313814
314026
314071
314301
314358
314363
314423
314452
314473
314564
314628
314688
314729
315096
315242
315540
315652
316109
316403
316719
316743
316921
316922
316938
317056
317098
317170
317174
317264
317378
317416
317496
317685
317690
317717
317756
317845
317900
317911
317959
318024
318124
318227
318344
318350
318502
318597
318635
318671
318730
318777
318905
318934
318942
319054
319096
319121
319136
319198
319261
319332
319499
319633
319668
319795
320016
320221
320433
320487
320508
320541
320561
320572
320641
320691
320795
320908
320929
320968
321033
321265
321273
321327
321385
321738
321871
322202
322344
322766
322808
322876
322939
322988
323105
323169
323213
323268
323361
323560
323642
323708
323709
323772
323926
323998
324058
324243
324381
324477
324479
324488
324493
324589
324718
324790
324817
324842
325199
325240
325284
325295
325324
325493
325514
325568
325601
325659
325677
325682
325689
325692
325798
325858
326014
326086
326193
326211
326240
326358
326385
326568
326598
326646
326708
326714
326944
327012
327199
327329
327657
327770
327778
327817
327855
327873
327936
327985
328033
328284
328343
328343
328359
328818
328866
328900
328927
328983
329139
329149
329409
329434
329485
329488
329548
329558
329641
329670
330025
330083
330203
330360
330671
330831
330951
331032
331331
331484
331723
331794
331903
331966
331985
332032
332234
332319
332328
332359
332393
332456
332461
332502
332528
332710
332817
332834
332934
333174
333387
333458
333677
333713
333750
333816
333968
333972
334022
334080
334116
334142
334184
334205
334520
334658
334685
334857
334927
334931
335298
335372
335406
335455
335503
336058
336161
336182
336268
336421
336475
336569
336715
336725
336812
336965
337008
337055
337173
337600
337659
337851
338008
338045
338149
338264
338271
338311
338317
338455
338602
338928
338950
338955
339071
339112
339155
339180
339193
339196
339357
339445
339572
339598
339608
339612
339634
339697
339707
339710
339753
339781
339843
340114
340346
340464
340489
340532
340642
340692
340785
341031
341179
341217
341223
341344
341544
341556
341619
341622
341893
342146
342194
342250
342296
342509
342609
342843
342875
343153
343440
343654
343689
343938
343997
344104
344178
344286
344298
344414
344426
344470
344662
345149
345354
345413
345557
345586
345696
345824
345849
346030
346205
346328
346570
346625
346666
346681
346730
346781
346811
346963
347071
347286
347382
347386
347389
347413
347452
347530
347614
348244
348333
348905
349024
349055
349070
349100
349324
349328
349382
349393
349465
349625
349648
349652
349764
349791
349844
349913
349952
350098
350112
350524
350543
350803
350809
350832
350961
350981
351066
351098
351113
351163
351263
351503
351691
351747
351783
352022
352174
352254
352383
352776
352834
353002
353096
353179
353470
353631
353647
353676
353850
353890
354088
354234
354397
354411
354418
354571
354616
354872
354888
355222
355261
355286
355342
355494
355600
355620
355745
355914
355966
355968
356366
356487
356687
356743
356791
356985
357002
357105
357136
357195
357240
357293
357348
357523
357569
357655
357725
357731
357750
357785
357973
358219
358303
358336
358496
358515
358559
358567
358578
358602
358676
358767
359031
359059
359104
359331
359335
359486
359543
359609
359618
359671
359721
359729
359775
359790
359834
360294
360325
360504
360507
360577
360594
360632
360686
360690
360779
360873
360900
360930
360980
361252
361274
361418
361487
361552
361919
361920
362122
362177
362262
362267
362312
362379
362598
362674
362733
362739
362763
362899
362906
362996
362997
363067
363092
363113
363252
363313
363350
363562
363612
363712
364082
364102
364131
364255
364377
364511
364652
364812
364961
365092
365107
365370
365380
365489
365588
365637
365790
365796
365808
366119
366244
366309
366553
366634
366665
366757
366758
366868
367004
367006
367035
367104
367123
367149
367234
367280
367387
367464
367590
367655
367661
367709
367715
367804
367900
367947
368059
368094
368542
368585
368586
368611
368713
369024
369062
369070
369088
369305
369353
369405
369527
369665
369681
369740
369756
369917
369919
369931
369973
370059
370243
370272
370404
370407
370454
370550
370642
370826
370955
371205
371277
371319
371412
371684
371753
371850
371979
372268
372319
372526
372539
372592
372654
372656
372792
372932
372964
372976
373003
373386
373408
373499
373669
373690
373810
374004
374155
374211
374231
374260
374284
374305
374429
374544
374574
374730
374742
374770
374895
374904
374909
375022
375061
375069
375156
375365
375374
375460
375573
375919
375940
376053
376263
376339
376342
376558
376864
376952
377135
377149
377194
377205
377389
377407
377457
377571
377756
377773
377835
377864
377882
378121
378173
378261
378274
378299
378300
378320
378411
378581
378646
378783
378855
378865
378928
379016
379151
379154
379170
379194
379216
379232
379495
379574
379638
379654
379661
379995
380229
380285
380307
380318
380592
380598
380856
380916
380922
381025
381225
381228
381237
381309
381689
381971
381971
382003
382160
382340
382458
382609
382685
382711
382993
383082
383119
383144
383471
383584
383638
383720
384006
384046
384108
384109
384397
384497
384625
384828
385056
385077
385152
385299
385355
385373
385419
385430
385436
385451
385592
385625
385808
385818
385818
385923
386161
386227
386578
386583
386585
386659
386835
387029
387148
387190
387312
387373
387489
387568
387641
387694
387783
387878
387909
387991
388106
388347
388377
388413
388484
388630
388700
388736
388942
389062
389072
389116
389199
389265
389274
389296
389326
389618
389694
389700
389730
389815
389982
390111
390317
390572
390587
390601
390663
390866
391002
391070
391125
391268
391335
391378
391388
391458
391520
391560
391740
391775
391844
391977
392055
392142
392227
392451
392654
392752
392771
393015
393178
393214
393256
393267
393345
393427
393548
393654
393685
393830
393853
393877
394204
394244
394315
394373
394449
394820
394825
394926
394935
394987
395030
395091
395342
395363
395406
395644
395735
395762
396235
396242
396320
396428
396483
396595
396701
396902
396933
397018
397110
397190
397249
397263
397324
397503
397574
397642
398248
398357
398465
398548
398592
398988
399027
399067
399250
399571
399660
399673
399885
399938
400152
400216
400373
400403
400471
400530
400556
400605
400942
400992
401226
401289
401725
401775
401784
401937
401954
402366
402665
402714
402739
402786
403072
403087
403232
403264
403408
403448
403458
403483
403606
403765
403774
403855
403876
403916
404072
404264
404273
404298
404454
404600
404848
405043
405048
405055
405123
405195
405298
405305
405406
405425
405428
405491
405737
405855
406018
406018
406041
406191
406192
406202
406403
406542
406777
406814
406853
407199
407216
407269
407575
407590
407921
407948
408244
408341
408405
408443
408490
408644
408645
408781
408951
408954
408960
409046
409203
409516
409611
409651
409710
409811
410049
410206
410263
410376
410379
410433
410678
410941
410984
411012
411016
411049
411090
411471
411487
411682
411701
411718
411778
411944
412086
412112
412155
412164
412198
412229
412289
412295
412331
412334
412488
413100
413191
413212
413287
413460
413637
413691
413742
413798
413850
413936
414039
414058
414144
414506
414507
414689
414807
415031
415034
415184
415329
415434
415595
415656
415726
415788
415949
416019
416063
416104
416194
416224
416382
416470
416491
416549
416616
416649
416706
416715
416949
416980
417076
417253
417380
417479
417626
417765
417821
417848
417865
418178
418251
418281
418315
418489
418633
418645
418661
418866
418957
419018
419067
419188
419188
419239
419415
419509
419520
419584
419597
419810
419901
420254
420346
420600
420772
420891
420944
420964
421142
421231
421334
421472
421593
421823
421830
422008
422471
422508
422660
422692
422789
422803
422906
422942
423043
423159
423431
423479
423912
424083
424125
424142
424302
424344
424379
424477
424548
424777
424882
425157
425301
425384
425504
425572
425707
425865
426056
426152
426247
426294
426321
426371
426406
426532
426569
426696
426714
427075
427083
427139
427149
427173
427243
427297
427318
427621
427769
427857
427878
427896
427951
427984
428070
428277
428330
428722
428727
428873
428954
429057
429228
429265
429267
429330
429388
429448
429450
429762
429887
429911
430245
430410
430456
430499
430674
431014
431020
431058
431141
431192
431240
431304
431313
431370
431458
431482
431584
431693
431784
431946
431948
432026
432046
432274
432426
432478
432492
432550
432571
432672
432880
432989
433126
433194
433206
433306
433331
433685
433785
433827
433843
433946
433952
434055
434203
434208
434263
434279
434373
434377
434776
434994
435102
435214
435401
435437
435572
435784
435849
435886
436029
436080
436190
436247
436264
436320
436340
436529
436625
436741
436746
436781
436830
436923
436950
437054
437170
437199
437301
437423
437945
438032
438075
438105
438184
438207
438214
438247
438288
438322
438457
438602
438607
438775
438890
439124
439180
439278
439282
439353
439394
439452
439511
439519
439538
439564
439574
439745
439763
439863
440019
440246
440376
440425
440513
440714
440753
440808
440816
440951
441175
441246
441251
441294
441426
441506
441706
441851
442085
442218
442244
442308
442395
442958
443052
443096
443143
443316
443316
443359
443362
443412
443506
443704
443764
444154
444208
444555
444570
444646
444868
444915
445179
445274
445276
445410
445578
445739
445991
446071
446119
446387
446407
446445
446493
446555
446614
446650
446673
446778
446789
446916
446950
446951
446973
447000
447136
447519
447643
447886
447954
447986
448096
448141
448150
448179
448271
448426
448988
448990
449006
449173
449220
449289
449470
449590
449718
449765
449901
450040
450143
450181
450211
450229
450280
450435
450755
450776
450938
450951
451010
451025
451079
451128
451139
451241
451432
451517
451518
451643
451827
451931
452004
452044
452234
452297
452479
452480
452536
452712
452864
452871
452989
453022
453116
453320
453325
453376
453466
453667
453675
453709
453778
453807
453825
453979
454050
454078
454580
454741
454758
454779
454788
454852
454932
455111
455188
455272
455296
455316
455337
455339
455348
455370
455489
455568
455605
455648
455900
455978
456363
456422
456462
456486
456577
456608
456644
456817
456885
456900
456954
457230
457459
457691
457786
457964
457994
458064
458125
458242
458248
458290
458355
458572
458599
458860
458877
458880
458896
458910
458999
459014
459091
459243
459313
459343
459428
459529
459530
459573
459730
460104
460302
460391
460447
460496
460570
460634
460643
460655
460673
461170
461190
461533
461587
461613
461692
461774
461923
462008
462012
462035
462133
462175
462451
462549
462609
462740
462801
462855
462952
463104
463177
463250
463272
463279
463418
463468
463482
463508
463640
463698
463705
463770
463855
463859
464123
464133
464200
464213
464292
464292
464618
464863
464863
464998
465012
465059
465263
465287
465413
465574
465576
465613
465822
465828
465883
465892
465914
465926
466255
466307
466384
466504
466563
467095
467110
467156
467195
467267
467320
467391
467710
467839
467905
467980
468012
468431
468448
468522
468547
468572
468665
468666
468853
469013
469027
469126
469148
469363
469422
469572
469712
469847
469953
469995
470307
470325
470364
470558
470645
470810
471012
471033
471088
471162
471203
471276
471343
471471
471768
471872
472032
472175
472176
472180
472197
472263
472371
472463
472635
472763
473211
473304
473358
473605
473624
473654
473740
473807
473924
473930
474354
474365
474389
474455
474524
474584
474614
474688
474781
474838
474897
474934
475021
475065
475071
475086
475105
475176
475197
475301
475539
475601
475757
476111
476152
476319
476435
476552
476577
476607
476731
476731
476971
477357
477417
477482
477701
477705
477756
477757
477846
477898
477967
478248
478310
478551
478694
478776
479060
479219
479295
479393
479408
479462
479697
479761
479761
479848
479872
479978
480147
480253
480353
480414
480508
480531
480589
480750
480883
480892
480903
481006
481032
481165
481171
481429
481472
481519
481875
481953
481954
481987
481995
482004
482063
482306
482365
482647
482647
482659
482741
482941
483029
483126
483367
483553
483632
483760
483920
483993
484082
484089
484141
484172
484198
484304
484344
484364
484418
484422
484557
484571
484599
485000
485116
485275
485293
485417
485564
485737
485769
485830
485933
486114
486133
486218
486222
486247
486267
486488
486515
486565
486596
486618
486836
486968
486987
487042
487187
487228
487293
487581
487640
487778
487803
487914
488081
488249
488298
488307
488417
488446
488456
488510
488556
488615
488628
488640
488750
488775
489025
489049
489096
489109
489235
489773
489898
489962
490028
490048
490078
490283
490424
490464
490710
490762
490795
490908
491004
491006
491021
491072
491125
491151
491357
491458
491494
491540
491609
491694
491746
491775
491786
491831
491927
492056
492173
492233
492262
492371
492524
492590
492652
492733
492806
492852
492952
493039
493057
493120
493209
493287
493313
493366
493424
493580
493629
493750
493806
494058
494088
494215
494588
494713
494722
494738
494896
495131
495319
495393
495498
495515
495550
495786
495822
495845
495895
495911
496046
496113
496166
496683
496984
497194
497369
497389
497431
497554
497578
497639
497665
497758
497772
497877
497931
497939
498154
498249
498274
498333
498340
498507
498632
498660
499186
499556
499826
499830
499871
499942
499944
499952
499958
499979
500114
500120
500220
500387
500389
500522
500524
500567
500603
500686
500737
500794
500803
501111
501370
501407
501408
501586
501677
502026
502421
502479
502721
502964
502967
502995
503069
503264
503304
503356
503459
503566
503597
503859
503954
504138
504154
504248
504321
504397
504523
504526
504589
505127
505313
505423
505446
505529
505593
505620
505751
505817
505889
506126
506135
506146
506236
506331
506357
506414
506461
506470
506475
506527
506644
506694
506729
506867
506894
506972
507203
507209
507558
507859
507959
507986
508119
508605
508644
508672
508827
509124
509141
509217
509348
509475
509508
509621
509662
509748
509869
509879
509937
510015
510049
510063
510065
510227
510293
510342
510493
510508
510551
510714
510766
510835
510938
510941
511172
511190
511336
511403
511696
511889
511904
511914
511986
512037
512079
512183
512249
512260
512545
512668
512779
512868
512875
512882
512926
512944
512955
513007
513035
513193
513243
513313
513329
513350
513375
513627
513711
513773
513807
513815
513872
513958
514137
514190
514198
514502
514649
514772
514965
515017
515036
515216
515222
515232
515419
515681
515712
515765
515820
515823
515956
516085
516309
516355
516420
516467
516506
516613
516980
516982
516992
517157
517379
517559
517791
517809
517948
518086
518144
518310
518405
518490
518505
518720
518783
518863
518904
519171
519232
519241
519326
519483
519487
519493
519522
519544
519853
519855
519933
519957
520054
520320
520385
520443
520483
520570
520594
520815
520912
521140
521252
521471
521545
521623
521632
521652
521676
521855
521988
522029
522061
522329
522352
522642
522700
522731
522806
522841
523145
523155
523454
523506
524002
524038
524069
524194
524226
524314
524414
524535
524849
524883
524958
525120
525143
525175
525208
525711
525778
525863
525894
526034
526328
526348
526386
526453
526547
526689
526808
526837
526984
527058
527462
527502
527532
527631
527844
528199
528264
528307
528377
528487
528582
528589
528619
528707
528707
528808
528812
528897
529008
529275
529414
529420
529508
529627
529668
529728
529747
529784
529920
529967
530350
530414
530567
530650
530749
531046
531171
531171
531412
531749
532049
532080
532116
532145
532250
532268
532288
532333
532476
532479
532553
532559
532589
532729
532807
532831
532921
533287
533363
533388
533647
533756
533813
533836
533895
533981
534042
534275
534721
534908
534919
534935
535121
535207
535281
535402
535445
535815
535850
535959
535977
535986
536006
536039
536076
536140
536273
537023
537294
537882
537987
538045
538089
538296
538523
538676
538741
538773
538859
538910
538976
538999
539047
539078
539111
539134
539214
539241
539330
539404
539473
539547
539728
539739
539764
539812
539861
539894
539918
539999
540321
540495
540606
540612
540624
540629
540774
540904
540944
540978
541128
541313
541352
541375
541553
541853
541954
542047
542090
542209
542720
542741
542776
542780
542983
543054
543069
543223
543281
543548
543555
543570
543658
543663
543924
543969
544033
544282
544346
544449
544476
544600
544614
544771
544782
544947
545023
545061
545219
545304
545314
545339
545397
545625
545789
545881
545979
546102
546121
546124
546138
546189
546395
546568
546578
546595
546708
546802
546824
546926
547010
547091
547107
547173
547225
547250
547402
547425
547492
547555
547859
548099
548310
548673
548679
548844
548872
548916
549032
549195
549230
549298
549315
549358
549442
549517
549820
549823
550052
550112
550152
550216
550238
550467
550505
550508
550537
551043
551214
551262
551415
551499
551501
551612
551628
551660
551707
552223
552332
552521
552566
552758
552960
553026
553102
553112
553133
553243
553491
553633
553710
553763
553771
553858
553927
554031
554041
554059
554092
554146
554357
554404
554506
554613
554624
554647
554675
554676
554679
554694
554696
554720
555075
555136
555146
555267
555273
555428
555467
555572
555630
555743
555821
555949
556087
556099
556135
556143
556184
556389
556396
556529
556555
556608
556868
557020
557079
557135
557222
557506
557509
557554
557725
557788
557827
557872
557968
558095
558102
558228
558278
558433
558582
558590
558812
558966
559030
559170
559318
559367
559454
559541
559572
559581
559780
559834
559842
559846
559895
559940
560241
560245
560355
560460
560559
560595
560632
560660
560663
560682
560780
560795
560827
561050
561121
561130
561321
561397
561415
561487
561596
561612
561645
561760
561764
561795
561916
562260
562366
562457
562596
562756
562875
562994
563120
563284
563443
563532
563576
563645
563726
563988
564190
564287
564355
564416
564590
564659
564763
564833
564848
565083
565395
565555
565772
565859
566035
566040
566058
566150
566198
566421
566562
566688
566690
566731
566875
566905
567012
567281
567355
567366
567469
567762
567814
567824
567872
567923
568045
568398
568655
568694
568715
569100
569321
569361
569415
569438
569667
569772
569957
570064
570232
570242
570319
570339
570435
570453
570499
570666
570759
570838
570868
570881
571002
571086
571242
571539
571540
571847
571921
572012
572297
572300
572342
572451
572611
572625
572681
572816
572846
572911
573009
573025
573187
573339
573379
573439
573471
573662
573885
574113
574223
574339
574543
574558
574797
574833
575028
575061
575286
575387
575545
575574
575724
575857
575897
575913
575941
576276
576486
576526
576599
576679
576931
576934
577364
577376
577775
577818
577911
578059
578097
578121
578158
578267
578311
578408
578430
578555
578611
578744
578832
578909
578963
579069
579400
579499
579615
579987
579998
580390
580401
580568
580949
581050
581248
581542
581598
581637
581734
581968
581986
582050
582185
582243
582327
582454
582466
582492
582686
582764
582839
582923
582944
583044
583061
583194
583223
583295
583367
583446
583469
583536
583553
583802
583891
583910
583943
584206
584320
584343
584480
584563
584724
584767
584795
584841
585145
585151
585255
585287
585314
585327
585330
585606
585757
585759
585842
586133
586165
586230
586536
586555
586817
586889
586963
587069
587078
587213
587253
587287
587350
587394
587398
587562
587564
587576
587789
588055
588370
588386
588436
588724
588796
589006
589063
589868
589871
589872
589943
590143
590222
590361
590461
590714
590725
590795
590900
591053
591095
591261
591326
591367
591456
591600
591651
591687
591985
592074
592083
592097
592180
592193
592242
592274
592437
592608
592619
592860
593099
593148
593199
593285
593748
593888
593942
594074
594230
594490
594618
594655
594757
594778
594799
594846
594849
594862
595168
595525
595542
595708
595756
595810
595839
595853
596155
596302
596338
596429
596453
596457
596517
596613
596716
596726
596940
596945
597130
597205
597502
597766
598099
598116
598465
598548
598727
598812
598882
598941
599245
599378
599520
599538
599682
599863
599985
600029
600066
600154
600217
600346
600350
600356
600379
600456
600633
600807
600886
600903
601054
601088
601110
601247
601420
601821
601979
601991
602037
602141
602196
602219
602258
602355
602386
602516
602589
602644
602647
602652
602669
602711
602877
602890
602931
603025
603320
603334
603425
603491
603519
603560
603569
603578
603623
603720
603756
603791
603892
603946
604088
604529
604697
604901
605110
605319
605359
605384
605531
605564
605666
605709
605873
605914
605955
606074
606258
606265
606273
606382
606577
606854
606912
607234
607280
607332
607552
607715
607861
607996
608109
608283
608458
608605
608870
608891
608934
609019
609066
609066
609078
609183
609333
609372
609495
609573
609593
609649
609651
609666
609717
609798
609864
609865
609921
610018
610145
610148
610164
610239
610323
610417
610601
610674
610736
610808
610820
610872
610924
611003
611050
611067
611068
611087
611123
611123
611335
611361
611508
611508
611519
611964
612007
612288
612292
612322
612388
612449
612495
612557
612747
612903
613022
613257
613304
613726
613773
613888
613942
613959
614131
614234
614265
614612
614675
614787
614889
614984
615174
615347
615403
615529
615547
615555
615770
616221
616271
616387
616490
616513
616560
616580
616625
616631
616772
616848
616902
617198
617272
617361
617375
617398
617424
617427
617456
617508
617548
617683
617755
617969
618015
618125
618161
618286
618532
618585
618616
618792
618841
618856
618933
619050
619062
619547
619716
619736
620094
620121
620178
620287
620424
620432
620498
620631
620763
620786
620943
621028
621087
621217
621228
621350
621359
621437
621458
621492
621774
621829
622151
622185
622286
622350
622408
622546
622770
622887
622920
623131
623197
623412
623640
623855
623975
624005
624147
624228
624287
624351
624406
624643
624725
625217
625232
625233
625358
625442
625960
626005
626131
626150
626152
626174
626175
626362
626463
626495
626542
626575
626615
626861
626867
626916
626967
626975
627044
627282
627463
627542
627666
627829
628002
628171
628182
628330
628373
628401
628455
628604
628714
628862
629015
629137
629674
629732
629807
630043
630099
630111
630138
630223
630237
630433
630451
630457
630727
630840
630869
630890
631105
631155
631207
631244
631495
631622
631724
631856
631904
631998
632049
632320
632357
632437
632451
632456
632564
632572
632811
632958
633055
633432
633540
633633
633644
633887
633960
634045
634242
634348
634739
634832
634972
634988
635012
635096
635161
635167
635235
635244
635291
635317
635322
635393
635515
635518
635601
635834
635837
635870
635908
635921
636115
636427
636535
636618
636694
636737
637077
637093
637112
637214
637266
637419
637812
637831
637857
637973
638055
638069
638177
638286
638301
638314
638316
638342
638359
638465
638474
638531
638562
638601
638652
638695
638721
638790
638859
639107
639230
639344
639447
639520
639539
639600
639642
639840
640211
640223
640286
640393
640451
640455
640469
640528
640541
640600
640644
640683
640761
640821
641321
641511
641692
641779
641887
642029
642051
642140
642166
642251
642379
642483
642600
642609
642680
642845
643208
643267
643279
643326
643337
643379
643415
643667
643957
644236
644328
644343
644518
644575
644657
644923
644971
644973
645200
645341
645362
645529
645545
645570
645696
645771
646025
646044
646050
646097
646218
646224
646403
646432
646668
646770
646779
646868
647335
647388
647393
647489
647544
647895
647972
647996
648023
648154
648220
648285
648324
648358
648565
648665
648693
648744
648949
649033
649197
649257
649398
649690
649811
649820
649897
650183
650191
650218
650482
650522
650547
650622
650669
650672
650734
650963
651006
651040
651166
651198
651299
651353
651428
651710
651818
651876
651953
652112
652540
652602
652618
652800
652883
653048
653205
653263
653284
653293
653535
653572
653621
653632
653710
653775
654028
654071
654259
654275
654355
654523
654574
654772
654964
655045
655316
655342
655371
655576
655715
655806
655915
655942
655972
656024
656046
656265
656433
656464
656474
656572
656742
656891
656944
657162
657184
657270
657368
657458
657571
657587
657646
657705
657851
658023
658134
658280
658415
658518
658582
658613
658627
658732
658891
659049
659227
659293
659349
659452
659636
659675
660033
660084
660129
660273
660496
660680
660712
660749
660883
660906
660945
660990
661138
661168
661295
661371
661385
661419
661457
661648
661654
661719
662019
662064
662156
662247
662390
662445
662654
662834
662838
662904
663057
663066
663105
663140
663144
663159
663405
663521
663572
663736
663793
663914
663918
663961
664263
664266
664282
664283
664363
664468
664544
664624
664845
665079
665138
665224
665308
665308
665400
665476
665564
665647
665704
665805
665810
666039
666068
666108
666192
666325
666423
666486
666497
666752
666928
666970
667030
667197
667247
667334
667368
667471
667506
667583
667748
667789
667851
667869
668325
668339
668390
668944
669128
669161
669206
669302
669718
669744
669802
670255
670330
670354
670376
670447
670504
670658
670812
670843
670879
670887
670955
671040
671252
671281
671297
671382
671511
671904
671940
672054
672362
672544
672798
672849
672991
673059
673236
673268
673333
673373
673616
673707
673713
673746
673826
673835
673846
673851
673864
674091
674125
674185
674195
674223
674226
674343
674442
674545
674558
674830
674834
675048
675102
675207
675501
675774
675863
675903
675921
676111
676130
676551
676676
676871
676912
676960
676991
677017
677646
677662
677700
677803
678136
678171
678209
678363
679126
679184
679195
679420
679461
679694
679759
679827
679841
680047
680155
680323
680386
680487
680549
680705
680869
681000
681053
681055
681148
681289
681298
681315
681415
681423
681549
681646
681737
681796
681806
682028
682114
682132
682400
682505
682709
682713
682754
682794
682843
682951
683172
683202
683704
683861
683874
684455
684489
684578
684797
684866
684894
685189
685316
685318
686003
686068
686241
686334
686367
686428
686564
686590
687201
687312
687340
687433
687794
687797
687848
687901
688030
688446
688486
688524
688649
688680
688724
688945
689002
689003
689037
689229
689442
689725
689795
689866
690009
690172
690254
690349
690475
690639
690666
690824
690869
691069
691271
691305
691575
691581
691624
691871
691884
691916
691943
691996
692104
692247
692496
692557
692661
692876
692999
692999
693013
693140
693245
693268
693310
693429
693524
693548
693583
693822
693916
694161
694227
694512
694514
694793
694804
694904
694976
695474
696014
696066
696373
696461
696501
696588
696590
696595
696675
696700
696775
696786
696817
696870
696989
697066
697213
697241
697291
697297
697328
697353
697408
697421
697491
697494
697497
697504
697843
697862
697872
697910
697980
698046
698191
698211
698244
698599
698631
698668
698711
698942
698977
699090
699182
699198
699217
699223
699322
699368
699509
699526
699652
699708
699721
699749
700020
700141
700143
700168
700238
700311
700605
700826
700845
700908
700972
701083
701112
701120
701146
701159
701267
701287
701316
701400
701746
701772
702088
702128
702219
702307
702468
702522
702595
702636
702767
702941
702983
703160
703348
703362
703547
703591
703775
703818
703827
703983
704109
704110
704246
704427
704518
704605
704652
704675
704981
705002
705469
705518
705738
705826
705887
705960
706009
706063
706087
706139
706191
706347
706492
706594
707012
707114
707159
707268
707310
707450
707511
707812
707862
707928
707966
707975
708065
708223
708352
708395
708446
708452
708523
708524
708553
708585
708738
708742
709138
709206
709465
709610
709650
709794
709939
710164
710309
710341
710473
710655
710833
710848
710910
711003
711007
711101
711211
711255
711272
711274
711702
711788
711835
711911
712307
712420
712691
712720
713063
713116
713143
713183
713234
713388
713722
714012
714117
714365
714386
714392
714445
714522
714544
714655
714707
714884
714887
714948
714975
715041
715177
715475
715486
715587
715632
715700
715732
715951
715969
715998
716000
716210
716524
716603
716620
716652
716732
716743
716810
716812
716941
717003
717082
717110
717128
717145
717183
717245
717268
717412
717587
717595
717643
717822
717924
718034
718179
718183
718217
718307
718502
718681
718804
719089
719170
719300
719419
719441
719498
719535
720026
720031
720065
720188
720365
720441
720524
720597
720764
721014
721213
721219
721277
721363
721425
721448
721513
721522
721705
721763
722066
722109
722265
722456
722527
722571
722628
722935
723056
723063
723235
723340
723367
723542
723569
723622
724008
724140
724251
724357
724521
724789
724871
724915
724955
724955
725013
725019
725055
725058
725225
725330
725346
725364
725439
725443
725483
725521
725692
725720
726171
726206
726237
726241
726339
726781
726834
726937
726987
727104
727357
727533
727562
727715
727732
727760
728007
728012
728126
728165
728323
728381
728390
728518
728537
728582
728651
728806
728820
729202
729219
729256
729369
729439
729712
729818
729958
730129
730204
730415
730576
730602
730621
730624
730884
731074
731075
731189
731276
731350
731387
731396
731622
731697
731814
731898
731908
732388
732449
732540
732595
732628
732872
733008
733010
733386
733429
733784
733839
733865
733908
733980
733989
734075
734291
734342
734418
734424
734502
734512
734638
734705
734765
734781
734994
735007
735071
735302
735328
735399
735445
735487
735614
735707
735775
735830
735899
735956
736018
736200
736419
736430
736502
736509
736669
736684
737078
737144
737152
737247
737251
737275
737343
737432
737530
737657
737789
737800
738009
738065
738230
738372
738561
738598
738702
738710
738848
739026
739064
739135
739164
739210
739264
739369
739382
739404
739496
739557
739608
739652
739831
740016
740023
740054
740092
740099
740272
740277
740456
740529
740613
740616
740653
740682
740718
740744
740899
740998
741012
741043
741130
741194
741346
741432
741436
741483
741490
741553
741671
741721
741746
742009
742012
742351
742421
742614
742684
742737
742826
742827
743008
743320
743493
743507
743523
743790
743852
743871
743931
743954
744120
744240
744246
744263
744385
744423
744424
744441
744474
744619
744752
744977
744992
745016
745043
745312
745403
745456
745496
745500
745534
745616
745701
745776
745831
745880
745998
746295
746305
746374
746449
746458
746671
746723
746757
746798
746909
746956
746981
747029
747053
747058
747076
747192
747343
747496
747511
747616
747715
747740
747806
747822
747898
747901
747985
748128
748209
748210
748215
748280
748297
748359
748651
748693
748812
748858
749016
749246
749453
749597
749621
749637
749775
749810
749943
750202
750602
750774
750805
750865
751173
751222
751276
751332
751361
751466
751493
751541
751573
751592
751655
751661
751675
751806
751919
751957
752288
752358
752379
752703
752778
752805
752818
752879
753052
753065
753116
753132
753136
753152
753163
753187
753208
753242
753407
753413
753452
753573
753609
753904
754126
754202
754203
754277
754293
754462
754957
755158
755194
755243
755467
755505
755693
755797
755819
755906
756093
756150
756377
756391
756442
756490
756573
756649
756843
757058
757130
757321
757504
757526
757529
757601
757873
757898
757937
758094
758120
758307
758362
758589
758781
759140
759221
759355
759429
759446
759450
759713
759988
760034
760432
760454
760504
760505
760545
760561
760746
760954
761026
761037
761211
761316
761340
761494
761533
761651
761732
761808
761897
761938
762031
762240
762359
762362
762428
762619
762682
762836
762889
762911
762946
763177
763245
763300
763364
763670
763672
763796
764054
764069
764164
764272
764432
764471
764638
764742
764762
764775
764790
764823
764841
764858
765035
765071
765116
765138
765171
765172
765231
765263
765322
765410
765512
765618
765651
765781
765882
765906
765998
766014
766053
766306
766463
766514
766587
766594
766601
766683
766795
767003
767031
767064
767161
767164
767219
767353
767546
767638
767864
767927
767931
767936
768004
768129
768150
768185
768222
768274
768297
768403
768404
768732
768881
769021
769089
769155
769261
769278
769358
769455
769831
769884
769991
770436
770496
770509
770569
770639
770747
770870
771171
771385
771630
771634
771667
771906
771916
771976
772012
772167
772270
772277
772365
772549
772604
772639
772831
772978
773125
773347
773449
773471
773594
773620
773645
773820
773881
773891
773973
774004
774421
774435
774701
774716
774722
774901
774927
774966
775052
775358
775443
775582
775734
775746
775980
775982
775999
776069
776075
776187
776343
776552
776628
776774
776792
776880
777116
777127
777273
777520
777672
777813
777849
778107
778206
778348
778445
778524
778630
778723
778780
778882
778896
779088
779237
779404
779453
779480
779499
779530
779648
779665
779833
780052
780128
780193
780199
780439
780467
780530
780594
780610
780635
780725
780891
780959
781172
781214
781264
781392
781417
781642
782185
782269
782352
782480
782612
782889
783125
783200
783295
783472
783531
783774
783789
783884
783969
784025
784293
784311
784317
784324
784333
784556
785038
785201
785216
785256
785295
785617
785710
785723
785787
785818
785840
785856
786149
786166
786234
786393
786422
786621
786729
786733
786809
786847
786938
787012
787027
787133
787243
787265
787364
787413
787668
787760
787831
787919
788019
788157
788290
788301
788462
788594
789099
789149
789207
789313
789355
789448
789505
789548
789872
789910
790110
790280
790329
790351
790417
790455
790780
790981
791180
791214
791319
791457
791485
791488
791890
791954
792087
792162
792526
792704
792730
792859
792885
793066
793239
793310
793611
793777
793848
793865
793898
793949
794118
794145
794192
794216
794254
794260
794359
794438
794583
795049
795156
795213
795245
795258
795276
795295
795499
795508
795635
795653
795787
795927
795984
795998
796026
796144
796594
796649
796709
796821
796837
797065
797196
797236
797338
797423
797552
797594
797598
797619
797650
797679
797695
797769
797832
798132
798196
798207
798385
798443
798690
798901
799042
799087
799169
799257
799275
799301
799356
799494
799513
799576
799604
799661
799776
799828
800091
800200
800250
800720
800927
800957
801035
801128
801130
801168
801170
801174
801237
801311
801553
801621
801692
801779
801831
801904
802156
802179
802235
802289
802422
802494
802518
802540
802823
802928
802935
803032
803121
803368
803659
803809
803977
804224
804227
804373
804410
804598
804670
804700
804745
804754
804770
804892
804898
804899
805132
805202
805505
805506
805568
805569
805633
805696
805702
805718
805789
805803
805918
806018
806039
806168
806475
806487
806603
806774
806912
807112
807136
807168
807401
807411
807477
807516
807535
807612
807794
807842
808030
808064
808118
808145
808230
808357
808372
808441
808447
808658
808708
808779
808847
808905
808910
809167
809266
809377
809489
809535
809601
809697
809699
809739
810034
810234
810261
810320
810341
810379
810406
810538
810603
810643
810703
810787
810923
810980
810994
811009
811481
811684
811822
811983
811993
812007
812016
812079
812102
812197
812219
812230
812416
812417
812439
812682
812882
812921
812923
813526
813556
813851
813912
813934
813993
814077
814142
814154
814162
814188
814214
814278
814475
814478
814502
814619
814628
814821
814996
815131
815692
815826
816153
816288
816523
816524
816726
816751
816786
816938
817347
817348
817365
817587
817588
817649
817691
817886
817886
817939
818008
818035
818125
818150
818196
818214
818268
818298
818613
818734
818754
818816
818843
818910
819047
819108
819301
819319
819339
819339
819586
819748
819848
819874
819947
819973
820061
820120
820148
820282
820323
820332
820357
820705
820797
820966
821042
821133
821273
821379
821634
821833
821865
822063
822086
822140
822206
822225
822295
822367
822562
822565
822775
822830
822833
822846
822880
822935
823006
823021
823097
823482
823611
823619
823635
823817
824233
824342
824533
824560
824591
824600
824643
824734
824810
824922
825009
825232
825271
825381
825440
825503
825547
825571
825633
825727
825867
826087
826203
826307
826492
826632
826841
826902
827041
827072
827309
827314
827419
827438
827528
827680
828190
828299
828338
828350
828559
828659
828678
828789
828933
829137
829307
829330
829415
829506
829863
830013
830034
830103
830173
830225
830239
830298
830381
830417
830522
830820
830922
831006
831082
831108
831112
831171
831428
831553
831602
831652
831711
831905
832169
832175
832218
832483
832538
832571
832588
832642
832676
832934
832995
833011
833038
833160
833179
833275
833317
833563
833743
833766
833877
833920
834304
834624
834747
834761
834898
834958
835027
835028
835080
835126
835196
835271
835285
835354
835378
835420
835624
835998
836015
836026
836189
836222
836273
836361
836401
836441
836577
836709
836873
837046
837144
837293
837572
837573
837699
837712
837762
837833
837861
837889
837972
838107
838178
838179
838192
838207
838309
838310
838441
838508
838687
839356
839463
839629
839736
839766
839888
839985
840238
840290
840291
840564
840655
840684
840693
840760
840831
841103
841189
841238
841334
841447
841547
841686
841750
841849
842468
842476
842565
842567
842697
842707
842739
842746
843106
843251
843270
843337
843496
843665
843682
843720
844053
844130
844192
844231
844302
844376
844543
844722
844723
844964
845173
845176
845186
845494
845507
845522
845537
845867
845986
845996
846233
846266
846405
846495
846711
846725
846807
847465
847487
847545
847785
847803
848018
848126
848190
848217
848229
848346
848576
848614
848825
849064
849139
849315
849381
849402
849570
849668
849687
849809
849894
850023
850113
850187
850377
850454
850591
850677
850684
850753
850759
850841
850891
851078
851131
851574
851606
851659
851670
851737
851903
851962
851989
852142
852467
852508
852655
852832
853048
853080
853257
853300
853587
853617
853623
853886
853896
853919
854044
854231
854351
854487
854517
854519
854610
854837
854857
854914
855013
855160
855297
855440
855565
855704
855884
856032
856056
856084
856141
856200
856249
856285
856449
856489
856539
856895
857058
857148
857164
857224
857329
857355
857419
857468
857560
857722
857766
857780
857858
858067
858114
858390
858481
858616
858616
858673
859062
859072
859133
859181
859467
859490
859519
859595
859676
859745
859759
859812
859818
859829
859873
859988
859990
860057
860145
860172
860207
860212
860381
860386
860456
860523
860553
860559
860619
860669
860678
860733
860788
860948
860987
861003
861379
861649
861676
861808
861905
862041
862141
862143
862219
862278
862379
862558
862913
862919
862922
863049
863059
863146
863444
863606
863610
863639
863675
863749
863769
863901
864008
864055
864131
864207
864317
864347
864362
864422
864491
864524
864602
864697
864699
864845
864890
864911
864998
865194
865319
865416
865471
865528
865531
865546
865666
865831
865919
865993
866005
866207
866457
866523
866962
867029
867047
867108
867269
867269
867433
867499
867617
867690
867795
868074
868113
868199
868260
868272
868588
868773
868836
868910
868925
869079
869116
869144
869205
869333
869438
869506
869699
869881
869921
869934
869996
870064
870068
870135
870183
870309
870332
870350
870379
870504
870714
870830
870897
870960
871061
871103
871181
871185
871217
871302
871330
871359
871466
871511
871545
871613
871827
871846
871940
872178
872178
872303
872343
872365
872444
872589
872688
873167
873357
873396
873570
873593
873698
873803
873894
873913
873926
873974
874083
874177
874266
874448
874737
874877
875103
875237
875541
875583
875654
875666
875688
875693
875808
876132
876181
876188
876273
876353
876467
876763
876898
877022
877035
877097
877331
877371
877639
877683
877733
877883
877928
877980
878029
878066
878102
878422
878541
878628
878752
878763
878777
878778
878808
878983
879018
879134
879147
879181
879264
879433
879562
879632
879779
879831
879882
879975
880014
880179
880333
880491
880596
880661
880745
880794
880827
880904
880961
881696
881852
881920
881970
882076
882325
882460
882566
882603
882723
882893
882990
882992
883015
883031
883354
883376
883381
883438
883499
883512
883516
883559
883766
883847
883909
883959
884066
884150
884304
884681
884766
884818
884826
884928
884959
885454
885780
885901
886237
886300
886372
886467
886539
886549
886661
886777
886834
886855
886867
886884
887090
887111
887492
887685
887776
887853
887907
887934
887964
887967
888007
888119
888410
888514
888637
888677
888705
888811
888830
888963
889211
889216
889268
889279
889329
889343
889373
889430
889560
889591
889611
889626
889687
889734
889744
889750
889835
889959
890028
890034
890136
890254
890611
890631
890721
890758
890915
891090
891126
891374
891411
891470
891920
892080
892084
892150
892160
892172
892305
892384
892440
892876
892913
892918
892967
893079
893098
893168
893198
893207
893364
893399
893462
893467
893523
893543
893822
893887
893902
894100
894279
894328
894379
894566
894630
894640
894648
894688
894744
894830
894833
894856
894969
894980
895039
895043
895480
895546
895603
895636
895717
895922
895958
896100
896219
896397
896536
896640
896767
896802
896822
896853
896897
896972
897192
897340
897348
897414
897432
897433
897538
897548
897583
897724
897789
897906
898043
898142
898216
898403
898433
898638
898646
898693
898739
898849
898902
898979
899116
899215
899305
899404
899570
899745
899799
899892
899916
899972
899992
900254
900310
900317
900465
900573
900726
900760
900888
900901
900939
900995
901140
901259
901438
901558
901803
901863
901965
902015
902019
902034
902132
902219
902367
902413
902585
902736
902767
902770
902796
902815
902878
902963
903137
903267
903283
903459
903548
903593
903943
904037
904239
904343
904350
904487
904545
904571
904660
905053
905196
905258
905388
905393
905449
905466
905566
905617
905650
905703
905774
905786
905817
906162
906252
906322
906382
906480
906577
906592
906747
906937
907012
907157
907210
907232
907314
907326
907499
907618
907641
907659
907786
907799
907874
907879
907918
908011
908058
908289
908355
908636
908700
908818
908967
909089
909112
909185
909278
909351
909425
909458
909615
909670
909726
909881
909958
909988
910087
910134
910144
910159
910230
910418
910434
910770
910868
911003
911048
911061
911192
911294
911340
911400
911698
911847
911859
911877
911934
912014
912284
912297
912436
912502
912527
912580
912679
912688
912729
912731
912876
912880
913001
913024
913116
913133
913297
913399
913409
913414
913519
913741
913854
913973
914122
914193
914244
914369
914457
914531
914686
915100
915310
915318
915419
915668
915711
915965
916060
916141
916396
916411
916435
916566
916710
916779
916872
916925
917084
917088
917138
917151
917155
917395
917482
917604
917699
917772
917900
917958
917983
918255
918285
918322
918373
918426
918482
918689
918815
919149
919171
919276
919365
919497
919561
919564
919568
919572
919655
919722
919755
919766
919785
919922
919986
920323
920408
920678
920701
920764
920782
920812
920945
921258
921303
921348
921416
921432
921546
921599
921921
921922
921972
922014
922253
922270
922282
922348
922581
922769
923003
923065
923203
923325
923481
924048
924085
924093
924113
924167
924565
924674
924763
924788
924803
924996
925093
925096
925186
925517
925658
925660
925716
925740
925766
925859
925942
926007
926062
926288
926419
926623
926626
926668
926966
926975
927026
927070
927085
927089
927112
927113
927297
927402
927494
927513
927577
927651
927721
927726
927810
927974
928016
928108
928167
928212
928368
928376
928414
928433
928507
928560
928630
928638
928668
928743
928886
929144
929317
929328
929506
929580
929638
929873
929938
929966
929976
930152
930564
930712
930806
930923
930990
930998
931129
931129
931240
931268
931896
931958
932132
932447
932592
932764
932892
932907
932955
932963
933093
933699
933908
933977
933995
934163
934204
934289
934407
934454
934507
934612
934852
934938
935157
935321
935396
935511
935562
935602
935623
935755
936013
936134
936246
936316
936369
936394
936551
936666
936801
936867
936883
937130
937370
937397
937443
937455
937627
937653
937691
937796
937998
938170
938290
938394
938568
938612
938628
938636
938659
938692
938742
938775
938803
938902
938922
939103
939258
939323
939492
939602
939632
939707
939738
939795
939883
939905
940011
940097
940114
940239
940265
940332
940367
940368
940486
940559
940875
940927
940987
940992
941011
941047
941071
941292
941302
941484
941538
941539
941654
941829
941854
941926
942101
942163
942495
942529
942540
942705
942786
942822
943175
943460
943593
943658
944031
944152
944320
944342
944549
944586
944622
944777
944816
944883
944889
945020
945041
945045
945137
945550
945572
945591
945666
945851
946182
946296
946486
946702
947015
947063
947130
947132
947214
947278
947306
947316
947340
947375
947525
947633
947861
947866
947949
947995
948053
948172
948217
948471
948692
948913
948915
949264
949319
949351
949387
949400
949552
949600
949612
949852
949870
949902
949921
949976
950265
950315
950366
951138
951379
951470
951809
952163
952164
952186
952248
952254
952349
952377
952685
952743
952792
952807
952899
952994
953070
953163
953264
953285
953495
953657
953716
953806
953840
953857
953894
953912
953974
953981
954028
954096
954206
954221
954370
954558
954791
955043
955178
955294
955343
955418
955653
955816
955827
955827
956034
956094
956301
956374
956759
956782
956786
956977
957094
957158
957352
957495
957630
957710
957754
957790
957847
957990
958014
958162
958417
958644
958719
958773
958778
959014
959156
959570
959602
959644
959708
959717
959796
959809
959809
959907
960059
960429
960457
960502
960561
960588
960922
960961
961132
961246
961468
961530
961673
961831
961969
962363
962537
962575
962670
962816
962957
963132
963142
963280
963317
963336
963475
963481
963547
963910
963951
964001
964094
964133
964294
964407
964524
964574
964769
964853
964871
964884
964950
964999
965236
965484
965606
965710
965795
965831
965971
966224
966241
966684
966746
966806
966831
966861
966964
967045
967119
967166
967296
967369
967410
967794
967806
967830
967950
967979
968081
968235
968270
968273
968450
968627
968713
968747
968800
969110
969138
969208
969600
969639
969666
969804
969834
970069
970297
970384
970422
970470
970745
970781
970785
970905
971045
971075
971209
971242
971269
971358
971507
971639
971705
971746
971762
971781
971846
971857
971864
972011
972112
972206
972450
972517
972544
972595
972748
972906
972916
972947
973215
973619
973620
973741
973834
973952
973976
973979
973988
974310
974311
974485
974720
974917
974978
975156
975289
975413
975530
975755
975760
975761
975903
975937
976024
976032
976050
976182
976240
976443
976482
976575
976662
976703
976854
977068
977151
977160
977307
977356
977482
977709
977817
977834
977920
978225
978243
978261
978293
978332
978456
978497
978562
978586
978687
978734
978798
978846
978893
978903
979147
979346
979427
979655
979767
979794
979821
979955
980193
980434
980753
980818
980941
981091
981234
981302
981359
981420
981536
981639
981657
981835
981837
981936
982008
982154
982305
982341
982381
982519
982677
982726
982817
982900
982959
983099
983269
983301
983433
983438
983507
983698
983753
983832
983902
983910
983912
983930
984023
984054
984176
984183
984326
984383
984423
984464
984472
985052
985276
985290
985359
985450
985621
985633
985745
985755
985761
986078
986297
986416
986504
986533
986614
986663
986851
986887
986934
986977
987088
987360
987362
987412
987554
987614
987660
987866
987998
988148
988164
988229
988442
988456
988519
988603
988641
988737
988870
989008
989063
989127
989136
989368
989506
989564
989571
989620
989667
989698
989848
989891
989957
989963
989985
990226
990289
990627
990679
990785
990847
991078
991195
991199
991211
991412
991448
991695
991757
991783
991818
992058
992126
992258
992327
992377
992444
992666
992773
992966
993025
993081
993181
993279
993291
993612
993752
993896
993958
994056
994058
994077
994120
994123
994172
994260
994487
994705
994738
994781
995200
995301
995301
995356
995367
995587
995593
995621
995654
995796
996146
996224
996237
996346
996459
996685
996699
996846
996912
996916
997108
997295
997340
997408
997449
997457
997511
997629
997686
997687
997703
997730
997812
997947
998116
998134
998167
998203
998216
998243
998323
998343
998357
998366
998535
998539
998620
998799
999034
999053
999089
999100
999144
999144
999311
999472
999539
999683
999716
999726
999817
999821
999833
