1004
17253
38931
51614
55134
58283
59395
69871
82836
88866
93424
98742
132159
137098
145910
159241
159951
160128
178393
185616
190438
224307
243215
245964
251207
264082
278051
298000
302763
305076
331488
345816
370547
380742
388382
397257
406352
406546
409155
412868
416346
416708
424285
424334
429074
438454
440136
447872
451970
458898
459514
463275
471378
472090
492535
502792
503474
506012
521543
529021
531707
532518
540021
570820
583782
600628
607335
626084
637162
655584
656374
660708
669133
674002
679057
699949
712462
719405
720992
737593
744274
750213
796086
797869
846298
862048
869692
877708
878457
883871
889482
909414
913714
914687
954340
955531
975826
988123
990858
992245
