130
210
257
421
497
564
698
1056
1115
1156
1237
1284
1394
1407
1522
1993
2131
2725
2999
3224
3471
3783
3971
4002
4195
4539
4839
5143
5313
5355
6515
6890
6971
7758
7821
7831
8259
8299
9030
9060
9282
9545
9778
10283
10702
10806
11502
11590
11640
11762
12082
12099
12419
12578
13175
13380
13582
14136
14219
14240
14438
14822
14858
15056
15178
15197
15202
15302
15394
16399
16517
16532
16630
16825
16891
16994
17010
17084
17085
17505
17539
17568
17598
17890
17933
18362
18764
18780
18899
19032
19755
20123
20189
20346
20426
20757
20880
21146
21247
21545
22308
22339
22380
22422
22623
22624
22733
22778
22819
23210
23375
23811
23871
24019
24041
24518
24524
24587
24951
25039
25064
25239
25401
25555
25577
25630
26025
26056
26089
26238
26260
27073
27344
27488
27615
27931
27949
27982
28071
28310
28435
28533
28540
28607
28620
28730
28805
28819
29093
29117
29285
29390
29418
29600
29645
29726
30242
30309
30978
31083
31156
31294
31351
31594
31617
31927
32280
32726
32770
33188
33787
33853
33918
33937
34016
34147
34150
34833
35346
35416
35448
35495
35534
35790
35966
36216
36358
36475
36718
37114
37230
37322
37399
37434
37477
37610
37852
38172
38400
38724
38803
39195
39217
39780
39847
39997
40038
40194
40754
40762
41080
41251
41411
42045
42252
42319
42932
43224
43261
43261
43284
44194
44340
44482
44504
44568
44610
44643
44755
44877
44933
45393
46067
46184
46189
46410
46453
46566
46591
46657
47085
47100
47126
47479
47584
48215
48230
48312
48823
48899
49749
49866
49984
50125
50354
50380
50433
50627
50665
50691
50808
51535
51585
51721
51732
51775
51850
52230
52395
52520
52597
52715
53103
53271
53658
54053
54154
54190
54708
54993
55093
55266
55549
55723
55878
56658
56796
56854
56906
56917
56986
57051
57381
57403
57574
57656
58006
58020
58300
58571
59120
59151
59195
59922
60178
60292
60331
60559
60602
60737
60823
60889
60988
61014
61411
61895
61970
62172
62369
62440
62448
62550
63823
64291
64442
64629
64971
65042
65179
65584
65714
65912
65918
66100
66218
66412
66508
66716
66796
66909
67051
67304
67670
68107
68160
68299
68417
68598
68946
69674
69859
69999
70024
70275
70630
70848
70879
71013
71308
71559
71780
71884
71896
72020
72272
72304
72478
72971
73349
73665
73774
74016
74482
74625
74859
74914
75103
75385
75565
75720
75769
76023
76311
76541
76716
76831
76875
77118
77452
78034
78125
78466
79147
79200
79255
79817
79894
79999
80126
80381
80715
80846
80886
81679
81932
82236
82386
82457
82708
82756
82779
82867
83072
83167
83513
83618
84972
85069
85313
85556
85636
85976
86081
86090
86474
86720
86740
86769
86777
86987
86993
87196
87387
87663
87668
87758
87909
88271
88322
88969
89131
89237
89371
89886
89919
90256
90542
90709
90856
91013
91061
91145
91249
91296
92021
92361
92571
92857
92939
93158
93621
94099
94200
94215
94346
94740
94904
95201
95259
95346
95996
96083
96194
96450
96672
96849
96865
97246
97544
97623
98040
98079
98097
98383
98959
99074
99583
99588
99799
99845
99859
100128
100132
100142
100666
101555
101695
101699
101970
102126
102208
102383
102686
102717
102799
103587
103878
104179
104278
104589
104684
104799
104850
105134
105153
105230
105393
105809
106138
106187
106405
106780
106852
106933
107042
107454
108286
108337
108348
108516
108657
108788
108918
110190
110766
111483
111494
111688
111815
112242
112367
112408
112437
112548
112574
113263
113586
113784
113858
114635
115019
115076
115183
115707
115869
116041
116052
116152
116174
116425
116532
116868
117166
117303
117469
117776
118080
118581
118703
118975
119184
119350
119665
119724
120551
120557
121209
121580
121609
121651
121679
121713
121820
121949
122445
122447
123076
123171
123269
123428
123550
124250
124268
124315
124370
124512
124553
124660
124710
124786
124818
124966
125063
125352
125616
125689
125705
125932
126116
126140
126221
126369
126501
126606
126640
126780
127271
127282
127550
127561
127617
127689
127732
127852
128339
128542
129167
129318
129347
129369
129661
130052
130164
130448
130479
130571
130671
130847
130938
131223
131410
131519
131767
131836
131948
132048
132131
132451
132651
132788
133084
133117
133644
133838
134046
134415
134452
134499
134896
134941
135272
135394
135593
135603
135635
135643
135663
135937
136092
136465
136669
136765
137111
137140
137155
137494
137537
137589
137871
137992
138280
138728
138868
139049
139148
139366
139533
139625
139707
140042
140110
140140
140783
140793
140890
141013
141277
141907
141935
142251
142453
142654
142673
143104
143116
143330
143346
143415
143520
143963
144040
144121
144182
144299
144335
144339
144406
144486
144616
144766
145162
145200
145954
146138
146265
146296
146319
147051
147082
147127
147130
147533
148166
148312
148692
148748
149918
150412
150515
150876
150881
151294
151328
151549
151673
151844
152063
152290
152734
152743
152962
153009
153364
153433
153447
153650
153958
154168
154466
154553
154664
154883
154913
155312
155388
155640
155725
155995
156014
156018
156344
156578
156661
156961
157112
157449
157798
157945
159259
159354
159377
159544
159627
159810
160210
160219
160460
160493
160742
160826
160840
160856
160877
161222
161422
161674
162013
162027
162664
163074
163410
163955
163977
164080
164232
164308
164798
165985
166181
166191
166481
166738
166784
167940
168400
168960
169146
169294
169431
169569
169814
169925
170130
170137
170435
170614
170840
171213
171291
171735
171784
171809
171864
172048
172286
172329
172574
173035
173088
173264
173443
173546
173744
173753
173850
173939
174402
174490
174700
174716
175275
175333
175564
175987
176726
177061
177109
177146
177160
177319
177429
177489
177495
177594
177714
178046
178389
178590
178684
178849
179262
179412
179764
180040
180090
180558
180892
180985
181085
181127
181254
181641
181745
181816
181817
182029
182103
182204
182442
182707
183021
184274
184487
184687
184711
184905
184913
185080
185232
185437
185799
186187
186238
186252
186436
186536
186558
186576
186771
186971
187190
187255
187261
187371
187405
187640
187831
188241
188815
188909
189075
189235
189266
189676
189835
190107
190265
190341
190645
190811
190899
191031
191122
191299
191376
191825
191874
191920
191939
191993
192116
192360
193212
193213
194023
194129
194224
195045
195075
195101
195299
195301
195352
195797
195820
195829
196415
196543
196598
196794
197003
197163
197340
197398
197473
197659
198367
198560
198563
198638
198821
198845
199219
199302
199372
199517
200018
200082
200304
200428
200589
200741
200795
200967
201110
201376
201441
201700
201810
201966
202101
202295
202448
202738
202828
203970
203998
204077
204078
204523
204614
204649
204827
205075
205151
206119
206373
206801
207115
207320
207384
207693
207700
208475
208498
208570
208711
208839
208860
209350
209568
209719
210445
210684
210998
211057
211364
211381
211608
211629
211653
211685
211711
211715
211718
211916
212008
212124
212400
212470
212838
212928
213301
213597
213675
214005
214122
214128
214130
214421
214535
214947
215089
215157
215819
216131
216190
216354
216554
217129
217376
217420
217591
218556
218856
219190
219297
219315
219347
219444
219632
219922
220362
220457
220771
220811
220963
220986
221001
221016
221183
221191
221239
221342
221726
222228
222458
222612
222777
222905
223039
223185
223390
223391
223559
223703
223905
224337
224362
224371
224726
224762
225033
225512
225709
225751
226162
226417
226478
226655
226716
226763
227079
227191
227448
228176
228236
228282
228318
228569
228832
228841
228995
229127
229403
229762
230034
230056
230328
230363
230443
230467
230507
230711
231058
231619
231677
232016
232117
232405
232506
232819
232963
233093
233195
233512
233646
233755
233771
233913
234186
234245
234598
234600
235408
235594
235606
235617
237065
237134
237401
237614
237697
237784
237785
237796
237900
237927
238115
238238
238451
238636
238926
238935
239372
239464
239661
239932
240188
240372
240452
240455
240522
240751
240790
241152
242065
242102
242336
242509
242620
242836
242993
243126
243407
243454
243562
243612
243666
243685
243754
243758
244056
244208
244435
244593
245693
246045
246530
246943
247278
247572
247971
247999
248832
248838
248919
249074
249084
249266
249277
249348
249679
249998
250082
250297
250774
250886
251060
251212
251422
251439
252119
252164
252276
252469
252561
252840
253185
253296
253545
253575
253925
253997
254010
254409
254428
254462
254484
255134
255313
255315
255353
255434
255682
255682
255718
255764
255885
255926
255961
256246
256498
256630
256687
256880
256995
257058
257178
257594
257696
257720
257784
257937
258462
258741
258798
258809
259154
259368
259419
259442
259503
259768
260003
260263
260460
260606
260850
260864
261804
261914
261914
261942
261967
262882
263009
263049
263074
263360
263508
263662
263692
263743
264013
264136
264196
264237
264261
264363
264597
265074
265084
265096
265375
265488
266503
266665
266788
266858
267034
267098
267200
267209
267334
267432
267638
268184
269117
269289
269315
269343
269438
269519
269861
270105
271192
271275
271359
271795
272018
272460
272529
272745
272757
272796
273066
273109
273375
273664
274202
274215
274304
274991
274996
275550
275591
275862
275918
275943
275974
276493
276676
277011
277661
277781
277969
278010
278138
278979
279176
279251
279490
279558
279678
279821
280168
280366
281054
281062
281113
281660
281874
281896
282303
282385
282453
282459
282643
282859
283251
283338
283343
283568
283621
283745
283749
283837
283850
283898
283909
284460
284539
284966
285390
285482
285525
285657
285956
286030
286285
286331
286580
286860
287023
287842
287871
288717
288727
288944
289007
289366
289467
289502
289729
290024
290049
290126
290311
290397
290763
290777
290830
290905
291344
291366
291511
291562
292003
292587
292885
292925
293226
293412
293879
293960
294048
294149
294259
294435
294662
295009
295100
295382
295410
296103
296852
296915
297036
297065
297173
297352
297354
297535
297737
297798
297960
298146
298497
298623
298644
298645
298786
298840
298921
299038
299041
299065
299088
299133
299328
299433
299984
300081
300095
300179
300225
300257
300259
300394
300491
300694
301255
301371
301787
301881
301937
301937
302184
302369
302633
302700
302809
302968
303254
303273
303346
303373
303422
303508
303601
303633
303852
304540
304801
304828
304937
304973
305490
305508
305556
305686
305774
305834
306045
306049
306163
306365
306411
306439
306902
307277
307320
307750
307752
307909
308815
308980
308987
309699
309881
309919
309988
309988
309993
310177
310278
310279
310470
310594
310623
310936
311146
311201
311426
311530
311602
311982
312050
312232
312435
312547
312805
312914
312919
313426
313608
313676
313838
314100
314206
314439
314624
314661
314749
314981
315056
315194
315294
315457
315519
315786
315849
315885
316110
316246
316311
316780
317233
318206
318312
319465
319773
319918
320348
321545
321727
321832
322168
322218
322385
322792
322820
323049
323172
323220
323706
323865
324100
324296
324452
324613
324625
324955
325009
325023
325338
325653
325789
326429
326768
326792
327231
327699
328018
328081
328280
329233
329339
329395
329411
329676
329848
330047
330136
330481
330509
330599
330848
331613
331694
331774
331879
331892
332103
332495
333219
333467
333503
333519
333539
334790
335028
335366
335460
335498
335574
336302
336323
336358
336428
336690
337107
337352
337414
337542
337585
337804
337965
338526
338630
338698
338732
339508
339846
339998
340198
340240
340907
340924
341266
341409
341545
341774
341887
342127
342480
342531
343152
343377
343520
343926
344029
344460
344978
345299
345629
345705
345977
346010
346215
346327
346528
346960
347244
347404
347434
347516
347626
347696
347985
348183
348289
348690
348760
349004
349102
349200
349786
349792
349845
350016
350209
350302
350340
350353
350429
351180
351394
351451
351477
352073
352156
352606
352914
353057
353179
353309
353472
353936
353999
354050
354424
354457
354574
354652
355193
355204
355616
355633
355958
356821
356846
356921
356963
356977
357100
357175
357230
357311
357318
357854
357958
358021
358381
358430
358438
358983
359002
359058
359121
359758
359841
359960
360230
360632
361201
361287
361300
361344
362122
362135
362266
363010
363179
363223
363358
363527
363833
363919
364030
364377
364815
364859
365129
365216
365464
365515
365702
365787
366419
366553
366931
366986
367303
367718
367798
367989
368243
368957
368977
368983
369169
369680
370071
370589
370745
370925
371101
371300
371399
371740
371837
371986
372432
372593
372652
372709
372741
373201
373275
373387
373555
373746
373827
374033
374047
374458
374633
374823
374936
374968
375293
375718
376093
376136
376166
376526
376583
376733
377133
377182
377444
377534
378231
379438
379472
380058
380096
380178
380222
380338
380517
380674
381022
381236
381250
381634
381950
382139
382159
382544
382658
382798
382947
383031
383245
383462
383547
383813
384042
384083
384580
384671
384855
385193
385247
385419
385527
385547
385787
385902
385923
385941
386046
386202
386508
386511
386621
386780
386893
386985
387220
387398
387830
387850
388078
388147
388159
388533
388769
389126
389591
389722
390015
390040
390141
390144
390951
391006
391061
391162
391327
391496
391545
391585
391806
391835
391884
391893
392189
392240
392738
392906
393199
393285
393416
394376
394490
394613
394700
395131
395149
395499
395582
395583
395626
395716
395722
395834
395959
396020
396342
396377
396428
397456
397692
397941
398188
398555
398648
399019
399219
399690
399948
400174
400175
400293
400542
401001
401036
401113
401509
401592
401851
402017
402734
402770
402952
403191
403260
403476
403682
403879
404153
404234
404277
404565
404682
404826
405278
405279
405295
405535
405861
405895
406322
406442
406645
406802
406830
407232
407600
408443
408509
408756
408862
409169
409759
409768
410142
410641
410995
411322
411497
411511
411541
411818
412684
412687
412834
413232
413375
413564
413604
413704
413793
414279
414284
414477
414521
415065
415169
415497
415525
415635
416187
416448
416453
416907
417119
417351
417396
417653
418043
418211
418453
418466
418838
419076
419298
419317
419740
420055
420110
420128
420285
420478
420905
420948
420992
421220
421431
421451
422234
422462
422475
422511
422933
423126
423531
423776
423801
423867
423872
423972
424213
424371
424437
424453
424793
424826
424858
424898
424934
425209
425242
425410
425620
425867
425871
426475
426853
427256
427686
428376
428404
428427
428476
428505
428703
428732
428803
428918
428944
428972
429564
430168
430203
430211
430585
430720
431087
431095
431304
431554
431868
431993
432393
432393
432658
433215
433755
433787
434015
434237
434350
434402
434550
434570
434643
434814
434830
434954
435181
435247
435349
435557
435658
435667
435898
436121
436182
436363
436680
436960
437028
437296
437400
437655
437693
438034
438041
438101
438205
438276
438481
438532
439409
439512
439593
439868
440456
440849
440875
441198
441268
441330
441410
441417
441655
441670
441799
441893
441964
441979
442127
442136
442444
442511
442640
442649
442761
442776
442789
442956
443580
443584
443712
443876
444362
444517
444679
444979
445071
445150
445540
445794
445926
446247
446470
446654
446780
446947
447714
447966
448452
448857
449032
449058
449152
449334
449454
449726
449776
450307
450399
450652
450770
450853
451218
451443
451787
451843
452023
452104
452172
452309
452335
452445
452689
452989
453301
453446
453568
453663
453672
453806
453823
453829
453974
454086
454902
455083
455092
455534
455830
455865
456134
456451
456645
457168
457226
457407
457425
457582
457669
457683
457702
458193
458385
458504
458677
458815
458977
459115
459820
460139
460173
460563
460613
460847
460882
460910
461903
462279
462433
462543
462600
462659
462785
462818
462932
462935
463216
463314
463560
463931
464161
464557
464857
465121
465360
465597
465995
466366
466534
466721
466851
467294
467379
467718
467720
467721
467797
467936
468049
468196
468197
468233
468311
468625
468645
468710
469399
469633
469650
469654
469882
469982
470384
470463
470658
470938
471701
471874
472192
472312
472450
472484
472642
472729
472952
473268
473285
473392
473561
473664
473701
473807
473810
473822
474381
474427
475049
475210
475391
475539
475581
475761
475964
476096
476097
476780
477245
477347
477960
478032
478500
478837
479089
479580
479681
479700
479820
479966
480743
480995
481098
481706
482045
482835
483201
483269
483332
483424
483673
483779
484671
484873
484982
485255
485315
485498
485869
486357
486439
486995
487431
487462
487522
488162
488204
488263
488516
488567
489107
489591
489608
489702
490089
490411
490551
490569
490664
490848
490866
490891
490921
490969
490970
491512
491757
491813
491860
491884
492525
492673
492758
493006
493016
493774
493885
493935
494148
494240
494356
494363
494622
494640
494685
494967
495441
495501
495613
495857
495981
496230
496395
496530
496781
496939
497074
497408
497731
497855
497962
497989
498236
498631
499113
499170
499293
499387
499537
499771
499886
500402
500409
500538
500604
500799
500834
500916
500962
501505
502063
502405
502644
503264
503337
504139
504180
504231
504277
504562
504587
504688
504708
504783
504826
505043
505336
505695
505962
506127
506373
506375
506470
506495
506604
506708
506713
506722
506763
506799
506999
507240
507337
507407
507475
507554
507697
507761
507965
507999
508111
508126
508185
508456
508573
508798
508858
508869
508948
509011
509055
509157
509245
509424
509819
509904
510525
510688
510822
510933
511065
511107
511364
511402
511465
511775
511828
512588
513028
513108
513313
513752
514290
514381
514506
514758
514916
514983
515013
515485
515677
515777
515781
515881
515983
516230
516354
516522
516566
516588
517412
518227
518404
518532
518554
518688
518918
519000
519279
519494
519521
519620
519907
519915
519959
520135
520564
520620
520709
520835
520859
521046
521094
521274
521345
521472
521524
521602
522197
522377
522424
522670
522709
522723
522998
523506
523575
523628
523890
523937
524623
525009
525076
525133
525194
525211
525503
525568
525581
525893
525998
526063
526087
526107
526149
526482
526540
527490
527503
527562
527703
527731
527912
527937
528027
528084
528232
528326
528561
528591
528683
528718
528784
529300
529475
529649
529780
530050
531204
531428
531574
531911
531928
531943
532089
532378
532680
532816
532858
532986
533083
533259
533278
533352
533367
533401
533835
534158
534714
534764
535403
535574
535751
535790
536302
536329
536696
537293
537296
537410
537845
537853
538058
538314
538347
538406
538686
538707
538707
539237
539467
539538
539780
540023
540078
540397
541314
541424
541468
541492
541584
541724
541772
541888
542352
542397
542709
543104
543295
543581
543605
544092
544215
544260
544539
544665
544807
545084
545479
545502
545634
546014
546231
546416
546841
547027
547350
547419
547490
548139
548207
548741
548776
549054
549140
549162
549609
549626
549941
550026
550218
550882
550920
551130
551730
551821
551832
551980
552054
552181
552485
552766
552838
553024
553294
553534
553588
553776
554062
554130
554503
555079
555446
555555
555557
555684
556188
556223
556256
556332
556418
556641
556665
556869
557572
557655
557753
557892
558062
558116
558139
558208
558375
558515
558517
558629
558765
558914
559688
559915
559939
559939
560163
560607
560732
560782
561367
561651
561670
561776
561896
561994
562451
562794
563040
563076
563776
564424
564530
564595
564912
565282
565373
565424
565519
566130
566146
566648
566804
567210
567292
567397
567630
567656
567663
567939
567950
568374
568559
568780
568839
568930
568964
569190
569527
569690
569700
569784
569831
570420
570764
571205
571223
571375
571967
572581
572609
572813
573049
573419
573441
573474
574410
574613
574702
574795
574839
574850
575160
575161
575402
575465
575531
575819
575886
575916
575933
575971
576068
576389
576422
576478
576550
576717
577070
577284
577760
578173
578516
578670
578950
579148
579806
579965
580104
580227
580539
580887
581741
581767
581816
581879
581916
582292
582480
582773
582779
582779
583248
583278
583436
583569
583595
583638
583745
584227
584300
584344
584489
584492
584729
584830
585186
585208
585222
585466
585772
585829
585954
586179
586411
586427
586519
586587
587440
587600
587876
588210
588313
588483
588535
588536
588809
589033
589240
589267
589336
589353
589593
590060
590228
590459
590624
591270
591577
591894
592219
592262
592368
592635
592668
592712
592742
592868
593081
593318
593326
593337
593471
593484
593500
593775
593965
594149
594434
594555
594814
594917
594996
595363
595375
595461
595533
595963
596208
596747
596940
596975
597408
597610
597725
598105
598344
598514
598623
598744
598965
599148
600063
600640
600811
601229
601592
601646
601888
601952
602522
602665
602789
602840
603061
603084
603493
603840
603857
603868
604005
604005
604413
604804
605045
605095
605317
605321
605446
605508
605675
605713
605968
606111
606262
606286
606349
606900
606906
606941
607419
608205
608376
608769
609165
609314
609367
609383
609794
609846
609920
610538
610643
611132
611156
611281
611362
612125
612221
612247
612412
612780
612948
612988
612991
613042
613164
613177
613426
613434
613527
613549
613669
613696
613883
614241
614252
614265
614300
614326
614387
614623
614763
615093
615665
615835
616137
616374
616481
616866
616982
617305
617954
618056
618208
618385
618385
618539
618755
619159
619181
619536
619736
619883
619886
620059
620256
620906
620961
621486
621589
621811
621823
621831
621849
622120
622519
622588
622636
622935
623082
623300
623490
623538
623719
624161
624321
624653
624949
625188
625667
625810
625997
626012
626061
627320
627762
627789
627978
628017
628268
628340
628812
628871
628960
629013
629025
629181
629448
629554
629619
629692
629854
629921
630039
630084
630195
630351
630449
630568
630725
630951
631203
631568
631714
631748
631826
631839
631968
632171
632232
632369
632425
632798
633057
633258
633472
633780
634022
634267
634297
634325
634383
635486
635496
635514
635883
636243
636665
636817
636852
637091
637105
637205
637404
637410
637774
637836
638003
638231
638306
638391
638533
638587
638726
638815
638934
638935
639032
639108
639317
639317
639327
639569
639918
640022
640037
640464
640612
640991
641650
641790
642473
642584
642939
643617
643694
643799
643826
644236
644372
644559
644635
644747
644813
645051
645094
645133
645223
645263
645385
645990
646515
646739
646763
646917
646971
647039
647125
647152
647408
647538
647559
647609
647812
648003
648004
648090
648296
648707
648986
649055
649321
649448
649549
649581
649735
649782
649832
649907
650330
650331
650349
650566
650803
650859
650920
650928
651043
651232
651253
651537
651551
652216
652604
653236
653593
654064
654153
654202
654385
654476
654537
654673
655032
655094
655300
655400
656183
656285
656429
657005
657089
657231
657294
657520
657599
657745
658046
658072
658167
658222
658350
658368
658840
658976
659686
659795
659845
659868
659892
659919
659979
660288
660341
660451
660565
660978
661124
661293
661376
661419
661547
661893
661923
662026
662045
662344
662351
662447
662465
662726
662728
663124
663211
663495
663967
664237
664451
664866
665047
665080
665152
665221
665397
665424
665432
665439
665476
665650
665663
666818
667520
667606
668276
668430
668441
669059
669078
669114
669211
669618
669769
669887
670130
670293
670497
670720
670822
670829
670846
670891
671027
671157
671367
671473
671815
671929
672153
672356
672593
672722
672774
673016
673297
673326
673356
673374
673721
673730
673971
674281
674494
674635
674991
675318
675570
675600
676138
676251
676616
676816
676985
677053
677203
677272
677447
677524
677529
677871
678230
678288
678632
678725
679004
679239
679256
679966
680135
680240
680250
680422
680488
680519
680540
680629
680735
680779
680861
681008
681060
681517
681973
682071
682084
682109
682297
682427
682472
682510
682545
683327
683556
683616
684042
684212
684241
684246
684877
685605
685932
686005
686036
686094
686160
686165
686553
686878
687306
688016
688079
688217
688292
688383
688630
688848
688921
689261
689277
689358
689412
689445
689476
689976
690327
690390
690480
690508
690725
691076
691138
691146
691216
691643
691833
692067
692167
692500
692735
692803
692924
692935
693056
693113
693153
693287
693331
693686
693732
693758
694056
694289
694341
694369
694506
695258
695674
695767
695793
695885
695905
696085
696281
696405
696409
696631
697083
697113
697178
697278
697544
697832
697866
697873
697973
698080
698121
698285
698467
698628
698795
698856
698982
699022
699091
699649
699961
699979
700217
700492
700551
701653
701908
701977
702250
702356
702453
702563
702677
702707
702994
703249
704150
704168
704239
704430
704634
704735
704857
704971
705003
705120
705316
705408
705435
705720
705759
705886
706061
706067
706096
706466
706632
707311
707823
708425
708489
709265
709276
709286
709420
709623
709973
710142
710445
710517
710741
710814
711161
711399
711590
711897
711952
712124
712293
712758
713008
713039
713228
713428
713563
713728
713825
713845
713861
713949
714226
714269
714378
715331
715445
715804
716883
716910
716983
717842
718073
718137
718406
718761
718839
719139
719369
719792
720039
720111
720459
720887
721247
721408
721673
721830
721854
722321
722410
722775
722899
722915
722919
723168
723180
723374
724164
724202
724219
724258
724605
724626
724800
724999
725860
725941
726063
726237
726380
726930
727342
727592
727596
727634
727860
727888
727989
728009
728465
728488
728706
728766
729004
729041
729107
729252
729259
729263
729315
729641
729642
729730
729820
730134
730163
730447
730940
730950
731057
731251
731273
731319
731412
731603
731982
732216
732261
732368
732644
732739
732795
732852
732904
732961
733194
733479
733607
733742
734679
734735
734840
734903
734926
735084
735449
735533
735585
735718
735725
735827
736685
736851
736967
738352
738721
739117
739298
739979
740189
740390
740870
741190
741697
742070
742515
742656
742752
742808
742978
743244
743353
743755
743964
744237
744519
744972
745165
745291
746048
746282
746426
746490
746546
746767
746813
746882
746885
746930
746994
747369
747418
747517
747595
748052
748175
748848
748947
748960
749302
749473
750005
750075
750211
750881
750943
751499
751559
751644
751948
753360
753444
753536
753836
754151
754249
754476
754576
754589
754797
754878
754976
755021
755025
755209
755408
755473
755909
756228
756331
756550
756616
756744
756883
757475
757649
757655
757883
757885
757923
758436
758637
758638
758755
758858
759383
759588
759758
759978
760188
760347
760608
760608
760727
761112
761237
761449
761662
761663
762266
762635
762639
762733
763587
763832
764135
764454
764536
764751
764951
765203
765278
765499
765810
766088
766118
766813
766853
767262
767428
767711
767806
767865
768047
768138
768678
768729
768999
769297
769602
769681
769687
769834
770017
770082
770162
770202
770245
770522
771484
771574
771645
771684
771713
771937
772123
772261
772355
772374
772885
773177
773444
773570
773881
773959
774180
774227
774479
774598
775002
775114
775249
775890
776203
776753
777544
777830
778133
778208
778259
778459
778611
780169
780346
780404
780573
780661
780857
781586
781693
782088
782267
782334
782366
782562
782783
783199
783409
783534
783555
783761
784069
784719
784997
785120
785446
785728
785733
785744
785809
786089
786202
786974
787091
787152
787206
787588
787641
787835
787917
787942
788214
788295
788453
790073
790645
790704
791334
791453
791665
791829
792039
792869
792927
793091
793286
793382
793541
794188
794335
794901
794933
795190
795380
795531
795657
795693
795741
795941
796020
796559
797037
797229
797363
797507
797602
797774
797816
797946
798201
798266
798372
798387
798490
798523
798682
799057
799465
799581
800165
800322
800486
800516
800873
800911
801508
801562
801661
802036
802258
802496
802717
802719
802932
803569
803575
803668
803905
803920
804018
804044
804053
804103
805307
805988
806260
806352
806611
806776
806850
806896
806955
807129
807145
807198
807203
807308
807397
807561
807656
807842
807993
808001
808361
808456
808583
808812
808870
808907
809313
809773
809840
809867
809967
810401
810553
810708
810734
810858
811194
811468
811543
811703
811752
811875
811972
812186
812214
812228
812302
812396
813164
813204
813419
813508
813776
813783
813891
814056
814565
815259
815269
815424
815897
815993
816092
816205
816274
816450
816580
816692
816890
817042
817301
817492
817770
818167
818291
818390
818594
818827
818846
819028
819150
819308
819313
819850
820233
820342
820537
820926
820944
820973
821047
821107
821456
821582
821682
821838
821881
822005
822019
822134
822321
822581
823631
823635
823759
823945
823967
824227
824250
824752
824848
825015
825122
825140
825258
825286
825475
825939
825998
826768
826866
826902
826937
827305
827672
827806
828407
828698
828711
828748
828842
829109
829195
829340
829610
829624
829848
829969
830708
830803
831394
831746
831772
831916
832344
832407
832501
832886
832920
833033
833035
833071
833080
833336
833438
833548
833610
833777
834527
834671
834795
834847
834919
835183
835474
835494
835561
835722
836191
836269
836376
836378
836491
836866
838129
838203
838220
838482
838808
839083
839374
839426
839498
839548
839588
839605
839827
839876
840073
840176
840250
840280
840418
840511
841013
841086
841188
841439
841476
841490
841558
841650
842152
842467
843589
843635
843865
843970
843992
844693
844707
844814
845108
845114
845195
845551
845576
845647
845719
845748
845805
846092
846162
846270
846423
846466
847529
847629
848334
848856
848984
849163
849455
849823
849928
850189
850379
850421
850704
851139
851433
851887
852173
852452
852645
852741
852996
853135
853446
853701
853772
853808
853869
853901
853920
854321
854674
854791
854883
855118
855171
855325
855426
855826
855974
856323
856355
856486
856622
856773
857019
857357
857362
857366
857917
858166
858424
858643
858660
858699
858827
859013
859113
859279
859537
859761
859811
860044
860149
860277
860283
860356
860694
860955
860993
861056
861377
862208
862398
863030
863235
863260
863975
864032
864085
864099
864257
864560
864912
865072
865074
865103
865288
865325
865342
865514
865871
866061
866119
866378
866512
866560
866793
866794
867412
867483
867871
867937
867967
868069
868087
868271
868723
868739
868921
869837
870278
870329
870399
870707
870805
870896
871998
872351
872610
872629
872638
872698
872801
872994
873171
873195
873249
873344
873403
873512
873639
873661
873753
873976
874114
874183
874564
874728
874811
874949
875024
875543
875635
875666
876026
876423
876486
876502
876615
876737
877065
877101
877254
877463
877510
877977
878232
878292
878368
878456
878890
879378
879756
879933
880080
880103
880108
880203
880557
880585
880648
881033
881047
881106
881112
881458
881816
882179
882260
882855
883064
883473
883768
884018
884431
885021
885300
885438
885817
885870
886179
886631
887155
887214
887326
887422
887494
887508
887650
887748
888138
888176
888320
888417
888554
888879
888969
888985
889005
889156
889378
889382
889382
889413
889549
889633
889638
889798
889800
889801
889828
889967
890110
890645
890683
890754
890772
890973
891338
891685
891897
892023
892170
892985
893413
893663
893928
894089
894152
894212
894436
894620
895005
895130
895292
895553
895955
895960
896152
896320
896354
896754
896832
896914
896938
897275
897409
897574
897898
897921
898138
898162
898190
898470
898724
898870
898922
899096
899337
899570
899680
900161
900220
900256
900311
900960
901268
901336
901676
901764
901894
902005
902616
902809
902842
903481
903654
904219
904397
904830
904954
905305
905790
906125
906346
906680
906707
906869
907054
907327
907372
907494
907789
908021
909409
909482
909521
909613
909762
909897
910055
910315
910333
910813
910894
911134
911162
911373
911560
911613
912095
912156
912326
912393
912526
912528
912762
912889
912998
913321
913425
913430
913494
913502
913569
913600
914094
914303
914844
914918
915158
915290
915541
915905
916087
916304
916387
916527
916569
916781
916815
917156
917391
917429
917848
918324
918325
918376
918421
918786
918831
919037
919281
919299
919897
920022
920295
920306
920649
921015
921038
921112
921180
921192
921881
922513
922985
923060
923178
923265
923570
923864
923989
924440
924511
924522
924626
924825
924938
925486
925506
925639
925945
925957
926031
926101
926351
926592
926667
927068
927149
927704
928114
928592
928699
928918
928984
928987
929180
929534
929539
929562
930204
930313
930558
931228
931455
931713
931735
931755
931763
931927
931941
932000
932110
932250
932267
932282
932372
933157
933625
933748
933926
934185
934193
934208
934320
934398
934460
934529
934579
934608
934727
934741
934784
934869
935634
935734
936212
936350
936428
936648
936728
936775
936935
937121
937258
937734
937896
938005
938086
938691
938700
939030
939193
939293
940169
940261
940347
940390
940426
940718
941075
941134
941198
941289
941474
941554
941811
942306
942313
942322
942341
942927
943171
943194
943265
943402
943436
943499
943521
943615
943646
943879
943946
943994
944383
944732
944779
944779
945035
945403
945708
945943
945957
946024
946597
946698
947122
947271
947279
947727
947843
947888
947986
948219
948514
948545
948550
948567
948913
949957
950000
950276
950289
950610
950616
950841
951228
951249
951260
952046
952480
952595
952779
952872
952988
953124
953286
953839
953895
953912
954747
954807
955595
956042
956264
956686
956870
956997
957171
957183
957410
957520
957568
958022
958091
958096
958214
958332
959172
959179
959198
959209
959332
959484
959512
959783
959819
959865
959865
959938
959945
960027
960252
960468
960538
960717
960825
960919
961776
961777
962344
962813
962927
963302
963461
963533
963630
963663
963873
964023
964049
964089
964360
964440
964669
964729
964851
964874
964890
964958
964962
965255
966005
966008
966320
966775
966855
967149
967466
968381
968441
968476
968766
968780
969372
969397
969417
969659
970022
970065
970612
970697
970708
970740
970789
970844
971279
971563
971860
971937
972117
972121
972512
972973
973227
973420
973515
973776
974087
974225
974258
974727
974783
975330
975721
975738
976000
976168
976200
976229
976496
976748
976805
976860
977083
977253
977692
977774
977969
978634
978828
979001
979565
980067
980199
980303
980719
980764
980836
981066
981387
981685
981715
982004
982476
982711
982895
983415
983605
983741
983775
983786
984055
984117
984299
984786
985140
985174
985479
985925
985931
986083
986241
986287
986334
986360
986524
986878
987198
987293
987321
987389
987778
987903
987959
988534
988957
988972
989125
989228
989288
989647
989887
989918
990176
990186
990375
990482
990635
990800
991131
991141
991326
991371
991379
991500
991746
991814
992183
992300
992409
992470
992527
993080
993355
993432
993698
993714
993724
993774
993870
994025
994035
994099
994439
994557
995222
995357
995423
995561
995570
995666
995941
996116
996541
996561
996584
996591
996593
996717
996741
996902
997070
997225
997294
997463
997502
997719
997813
997999
998157
998245
998263
998272
998412
998572
998632
998928
999513
999573
999868
999917
