3662
4760
8659
9699
10752
10779
11660
15932
17222
17560
18089
19800
20244
21040
21627
22307
23089
24979
27142
27701
28259
28422
30853
32232
32243
34564
35441
35679
38364
40073
40314
42042
43815
48251
48682
49135
49160
51154
53731
55585
56933
57087
57666
61715
63480
65254
68727
71790
72844
73286
73798
74212
74293
76469
76713
77089
77824
78519
79751
80343
80384
80528
81341
81537
85121
85291
86758
87188
87935
87937
88346
88750
89128
91539
91786
94331
95022
95233
95530
95564
97300
98129
99435
100039
102087
104312
105254
105455
106150
107297
107714
108394
108579
110689
111954
112655
114432
118775
119161
119850
120079
121243
122589
122762
123918
125476
125860
126087
126260
127312
127437
127525
128071
128081
128527
128529
129213
129684
130769
133474
134765
134875
135250
135555
135685
137203
137479
137848
137934
138441
138474
140306
140811
140877
145029
145096
146058
147698
148400
148985
149324
149461
151915
153068
153732
154080
154782
157087
157889
158910
160175
162425
162950
165974
169549
170255
171995
172643
173089
173400
173415
173434
173625
173983
174258
175596
177174
177463
180511
181025
182502
182561
183092
183331
183794
183917
184479
184543
185701
186310
187258
187754
188925
190279
190281
191265
191902
197024
198089
198627
199814
200983
201898
201988
202367
202954
203483
204683
208800
209329
209717
209976
210017
210337
212058
215829
216016
216287
217453
217508
218870
218997
219434
219758
220057
220645
221027
221030
221249
221347
221422
223154
224460
225299
226688
232162
232605
232781
233013
234512
235509
235923
236587
239558
239706
241364
241811
242054
243297
243746
248952
250333
250493
252616
252804
253545
253679
253799
255089
255245
256144
256295
256484
256874
258931
259688
260172
260285
261757
262179
262699
263160
263261
263399
264869
267588
268482
269665
270784
271290
272294
273139
273590
273949
275058
277187
277348
277882
278620
279334
280941
282218
284014
284427
285724
286110
286124
286576
287463
292143
292183
295396
298251
298619
298725
299052
299992
300489
301692
302120
303005
303208
303795
305070
305675
307185
308703
308907
309012
310825
311611
312215
314448
314726
314952
315618
316268
317143
317430
318039
318099
320037
320619
320864
321785
321956
322542
322604
322954
324511
325712
325906
326240
327095
327141
327645
328219
328333
329217
329585
329943
330401
330549
331053
333495
335580
337044
339794
340522
341623
341825
344217
345184
346017
346428
348592
351455
354069
354189
354410
355720
356118
356412
357691
358634
358777
363993
366824
366980
367119
368329
369152
371527
375814
375942
377042
377718
377740
380878
381137
381448
381541
383100
383952
384894
385172
386745
387621
388029
389258
390207
390775
391671
392507
392829
393159
393638
393939
394572
394979
395426
399826
400973
402223
402535
404139
408073
411175
411477
412137
416720
416723
416895
418663
419049
419534
421567
421587
422385
423576
424181
424661
425011
425475
425641
426639
427151
427301
427414
428706
428746
431118
432379
432379
432926
435279
436233
436492
438142
439136
439274
442046
442204
443235
444697
446447
447383
447696
447911
447987
450806
451225
452814
453221
453385
454210
455762
456316
457773
458146
460578
460912
461749
467013
467148
467155
467221
467863
468094
468417
468593
470333
472250
472693
473173
474962
476688
476869
477059
477870
479208
481094
484493
484984
485754
487356
488281
489966
490409
491925
492197
493928
494556
497328
497355
498288
499405
499505
499598
500169
502328
502809
504382
504591
504630
504729
505755
505870
508711
509411
509443
509733
510124
510510
511045
511887
511928
515239
518094
519079
519108
519893
520540
520789
520908
521325
521706
522805
523358
527361
527842
528060
528074
528321
529257
529496
529509
530238
531217
535141
535981
536213
536257
536283
536888
537663
540919
540969
542479
542653
543032
543920
545018
545160
545968
547750
548994
550087
551708
553084
556033
556231
558870
559144
560019
560662
561675
563696
565223
565396
566245
566531
566788
567117
568470
570721
571041
571063
571766
573839
573870
574879
575706
576275
576332
576746
577578
578140
578984
579586
579624
580556
583354
584846
586457
586786
587686
588424
589728
589789
590897
591251
591617
592950
593708
593763
594652
595026
595580
598050
598698
599541
599862
601374
603603
605143
605696
605857
606075
606216
606413
609437
612302
612629
613989
615386
618399
619186
622741
623241
623280
623965
625273
625432
626354
627327
628994
629239
629565
629610
629835
631321
631937
632746
632886
633770
634651
634754
634968
635669
635752
636247
636465
637279
638619
639574
639577
641543
641834
642441
643221
644752
644977
646483
647631
648180
648741
649069
649306
649872
650073
650297
651517
651830
652523
654345
654822
655407
656456
657350
657669
658427
658755
659461
660172
660896
661053
661594
662349
662628
662797
669037
669961
670684
670886
672493
672963
678350
678444
681934
682244
683940
686173
687183
688362
689469
689647
690821
690861
697652
698329
698445
698726
699178
699838
700211
700242
702024
702785
703425
704268
705209
705575
706323
707878
708282
709322
709837
714722
716952
717902
718684
718716
722221
723295
723954
724896
725244
726142
726993
727599
727853
728233
730201
731851
731899
732927
733012
733362
733696
734070
734490
735011
735191
736761
738293
739497
741704
742625
743642
745553
745945
745959
746559
747244
748021
749082
749171
750094
750548
750665
751019
752341
752342
758126
759936
760347
762002
765356
766371
766432
767576
767928
769027
771334
771790
772189
773443
773992
776324
776747
777370
777677
778531
781930
782266
782271
782619
783696
784419
785301
786438
786867
787213
787922
788343
789411
790290
790399
790697
791986
793117
796690
797052
803552
803840
805825
807746
807934
808782
809420
809617
810391
810755
812868
815076
815265
815351
817106
817543
819539
820482
823179
823566
826741
827207
829383
829562
829767
830551
831687
831912
832500
833111
833341
834579
836808
840330
840644
843621
843934
846206
847066
847290
848588
850948
851117
851480
852810
853504
853739
856799
857253
862825
867224
868264
868451
868723
869595
870357
870935
871485
871604
874106
875311
876829
877861
879896
881378
882641
883923
884905
885812
886377
887486
887849
888059
889259
890255
890304
890369
892939
894037
894227
894908
895352
897026
897552
897842
898096
898451
898909
898924
899417
899789
900009
900588
902838
905056
905248
905387
907000
909375
909798
910814
910885
911011
911603
913272
913707
913893
915135
915520
916408
916749
916759
918172
919489
919886
921737
922181
922739
923664
926695
928093
928323
929470
930656
931088
932184
936555
936728
936885
937308
938064
938332
938737
938791
940038
940861
941035
941115
943756
943798
943958
947082
947400
948166
948815
951655
952518
954910
955721
956651
958627
960037
960691
966326
967725
968826
971076
971878
972402
973361
974399
976386
978649
979112
979253
981993
982630
982667
984022
984133
984933
986412
986956
988383
988717
990085
990672
990965
991143
993193
994652
995859
997018
997046
999463
999990
